866,866,866,866,866,866,866,866,866,866,866,866,866,866,866,866,866,866,866,866,866,866,866,866,866,866,866,866,866,3221226324,593,529,529,529,529,529,529,529,529,529,529,529,529,529,529,529,529,529,529,529,529,529,529,529,529,529,529,529,529,529,529,529,529,529,529,529,529,529,529,529,529,529,529,529,529,529,529,529,529,529,529,566,3221226033,3221226034,3221226033,3221226035,3221226036,3221226033,2684355128,529,529,529,529,529,529,529,529,529,529,529,
866,866,866,866,866,866,866,866,866,866,866,866,866,866,866,866,866,866,866,866,866,866,866,866,866,866,866,866,866,3221226324,594,529,529,529,529,529,529,529,529,529,529,529,529,529,529,529,529,529,529,529,529,529,529,529,529,529,529,529,529,529,529,529,529,529,529,529,529,529,529,529,529,529,529,529,529,529,529,529,529,529,529,2684355123,865,865,865,865,865,865,1610613306,2684355126,529,529,529,529,529,529,529,529,529,529,
866,866,866,866,866,866,866,866,866,866,866,866,866,866,866,866,866,866,866,866,866,866,866,866,866,866,866,866,866,3221226324,595,529,529,529,529,529,529,529,529,529,529,529,529,529,529,529,529,529,529,529,529,529,529,529,529,529,529,529,529,529,529,529,529,529,529,529,529,529,529,529,529,529,529,529,529,529,529,529,566,3221226035,3221226033,3221226041,865,866,866,866,866,865,865,1610613306,2684355126,529,529,529,529,529,529,529,529,529,
866,866,866,866,866,866,866,866,866,866,866,866,866,866,866,866,866,866,866,866,866,866,866,866,866,866,866,866,866,3221226324,1610613332,529,529,529,529,529,529,529,529,529,529,529,529,529,529,529,529,529,529,529,529,529,529,529,529,529,529,529,529,529,529,529,529,529,529,529,529,529,529,529,529,529,529,529,529,529,529,568,3221226041,865,865,866,866,866,866,866,866,866,865,865,1610613306,2684355127,529,529,529,529,529,529,529,529,
866,866,866,866,866,866,866,866,866,866,866,866,866,866,866,866,866,866,866,866,866,866,866,866,866,866,866,866,866,3221226324,1610613333,529,529,529,529,571,3221226033,3221226034,3221226035,3221226036,1610613296,2684355125,529,529,529,529,529,529,529,529,529,529,529,529,529,529,529,529,529,529,529,529,529,529,529,529,568,3221226035,3221226034,3221226035,3221226033,3221226034,1610613296,3221226033,1610613296,3221226034,3221226033,3221226041,865,866,866,866,866,866,866,866,866,866,866,866,865,1610613306,2684355126,529,529,529,529,529,529,529,
866,866,866,866,866,866,866,866,866,866,866,866,866,866,866,866,866,866,866,866,866,866,866,866,866,866,866,866,866,3221226324,1610613334,529,529,571,1610613293,3221226042,299,290,290,290,2684354859,1610613305,3221226034,3221226034,2684355131,529,529,529,529,529,529,529,529,529,529,529,529,529,529,529,529,529,529,566,3221226034,3221226033,3221226041,298,2684354848,2684354847,2684354849,2684354848,2684354846,2684354847,2684354849,2684354848,2684354858,865,865,866,866,866,866,866,866,866,866,866,866,866,865,865,1610613306,3221226033,1073742387,3221226033,2684355126,529,529,529,
866,866,866,866,866,866,866,866,866,866,866,866,866,866,866,866,866,866,866,866,866,866,866,866,866,866,866,866,866,3221226324,2684355139,1610613293,3221226034,3221226042,298,290,3221225767,260,260,260,1610613033,290,290,2684354859,1610613305,1610613296,2684355127,529,529,529,529,529,529,529,529,529,529,529,529,529,529,529,567,3221226041,299,2684354848,2684354849,3221225768,260,260,260,260,260,260,260,294,3221225771,865,866,866,866,866,866,866,866,866,866,866,866,866,866,865,313,298,2684354849,2684354858,1610613306,2684355128,529,529,
866,866,866,866,866,866,866,866,866,866,866,866,866,866,866,866,866,866,866,866,866,866,866,866,866,866,866,866,866,3221226324,1610613322,2684355147,298,290,3221225769,260,260,260,260,260,260,260,260,1610613031,290,2684354858,1610613306,2684355126,529,529,529,529,529,529,529,529,529,529,529,529,529,566,3221226041,298,3221225766,260,260,260,260,260,260,260,260,260,260,3221225758,865,865,866,866,866,866,866,866,866,866,866,866,866,866,866,865,865,288,260,1610613030,2684354859,1610613305,2684355127,529,
866,866,866,866,866,866,866,866,866,866,866,866,866,866,866,866,866,866,866,866,866,866,866,866,866,866,866,866,866,1610613599,2684355405,333,3221225767,260,260,260,260,260,260,260,260,260,260,260,260,1610613032,2684354858,1610613305,2684355127,529,529,529,529,529,529,529,529,529,529,529,566,3221226042,298,3221225768,260,260,260,260,260,260,260,260,260,260,260,3221225759,865,866,866,866,866,866,866,866,866,866,866,866,866,866,866,866,865,287,260,260,1610613031,2684354858,1610613305,1073742387,
866,866,866,866,866,866,866,866,866,866,866,866,866,866,866,866,866,866,866,866,866,866,866,866,866,866,866,866,866,866,3221226324,321,260,260,260,260,260,260,260,260,260,260,260,260,260,260,1610613033,2684354859,1610613305,2684355128,529,529,529,529,529,529,529,529,529,529,2684355124,313,289,260,260,260,260,260,260,260,260,260,260,260,260,3221225758,865,866,866,866,866,866,866,866,866,866,866,866,866,866,866,866,865,1610613035,2684354856,260,260,1610613032,291,2684354848,
866,866,866,866,866,866,866,866,866,866,866,866,866,866,866,866,866,866,866,866,866,866,866,866,866,866,866,866,866,866,3221226324,322,260,260,260,260,260,260,260,260,260,260,260,260,260,260,260,1610613032,2684354859,1610613306,2684355126,529,529,529,529,529,529,529,529,529,1610613304,2684355130,1610613035,2684354856,260,260,260,260,260,260,260,260,260,260,260,3221225759,865,866,866,866,866,866,866,866,866,866,866,866,866,866,866,866,866,865,288,260,260,260,260,260,
866,866,866,866,866,866,866,866,866,866,866,866,866,866,866,866,866,866,866,866,866,866,866,866,866,866,866,866,866,866,3221226324,323,260,260,260,260,260,260,260,260,260,260,260,260,260,260,260,260,1610613033,2684354859,1610613305,2684355128,529,529,529,529,529,529,529,529,529,1610613303,2684355129,1610613034,2684354856,260,260,260,260,260,260,260,260,260,260,3221225760,865,866,866,866,866,866,866,865,866,866,866,866,866,866,866,866,866,865,287,260,260,260,260,260,
866,866,866,866,866,866,866,866,866,866,866,866,866,866,866,866,866,866,866,866,866,866,866,866,866,866,866,866,866,866,3221226324,321,260,260,260,260,260,260,260,260,260,260,260,260,260,260,260,260,260,1610613032,2684354859,1610613306,2684355127,529,529,529,529,529,529,529,529,529,1610613302,2684355129,289,260,329,3221225799,3221225798,3221225797,3221225797,2684354890,260,260,260,3221225758,865,866,866,866,866,866,866,865,865,866,866,866,866,866,866,866,866,865,289,260,260,260,260,260,
866,866,866,866,866,866,866,866,866,866,866,866,866,866,866,866,866,866,866,866,866,866,866,866,866,866,866,866,866,866,3221226324,322,260,260,260,260,260,260,260,260,871,871,260,260,260,260,260,260,260,260,1610613032,2684354858,1610613297,529,529,529,529,529,529,529,529,529,529,2684355121,288,260,3221225795,314,861,2684355405,314,1610613053,3221225797,2684354890,260,3221225760,865,866,866,866,866,866,866,865,865,865,866,866,866,866,866,866,866,865,287,260,260,260,260,260,
866,866,866,866,866,866,866,866,866,866,866,866,866,866,866,866,866,866,866,866,866,866,866,866,866,866,866,866,866,866,3221226324,323,260,260,260,260,260,260,260,260,260,871,260,260,260,260,260,260,260,260,260,3221225761,1610613305,2684355128,529,529,529,529,529,529,529,529,529,2684355122,287,260,3221225796,314,852,3221226324,314,314,314,1610613053,2684354890,3221225760,865,865,866,866,866,866,866,865,313,865,865,866,866,866,866,866,866,865,289,260,260,260,260,260,
866,866,866,866,866,866,866,866,866,866,866,866,866,866,866,866,866,866,866,866,866,866,866,866,866,866,866,866,866,866,3221226324,323,260,260,260,260,260,260,260,260,260,260,260,260,260,260,260,260,260,260,260,1610613032,2684354858,1610613298,529,529,529,529,529,529,529,529,529,2684355121,287,260,2684354885,314,852,3221226324,314,845,2684355405,314,1610613062,1610613032,2684354858,865,865,866,866,866,865,298,2684354848,2684354858,865,865,866,866,866,866,866,865,287,260,260,260,260,260,
866,866,866,866,866,866,866,866,866,866,866,866,866,866,866,866,866,866,866,866,866,866,866,866,866,866,866,866,866,866,3221226324,321,260,260,260,260,260,260,260,260,260,260,260,260,260,260,260,260,260,260,260,260,3221225761,1610613297,529,529,529,529,529,529,529,529,529,2684355124,288,260,2684354887,314,852,3221226324,314,852,3221226324,314,1610613063,260,1610613032,2684354858,865,865,865,865,865,288,260,1610613032,2684354859,865,865,866,866,866,866,865,289,260,260,260,260,260,
866,866,866,866,866,866,866,866,866,866,866,866,866,866,866,866,866,866,866,866,866,866,866,866,866,866,866,866,866,863,3221226317,322,260,260,260,260,260,260,260,260,260,260,260,260,260,260,260,260,260,260,260,260,3221225761,1610613298,529,529,529,529,529,529,529,529,529,2684355121,288,260,3221225795,314,852,1610613599,2684355410,3221226335,3221226324,314,1610613061,260,260,1610613030,290,2684354848,290,290,291,3221225769,260,260,1610613031,2684354859,865,865,866,866,865,865,286,260,260,260,260,260,
866,866,866,866,866,866,866,866,866,866,866,866,866,866,866,866,866,866,866,866,866,866,866,866,866,866,866,866,866,3221226324,318,3221225807,260,260,260,260,260,260,260,260,260,260,871,260,260,260,260,260,260,260,260,260,3221225761,1610613297,529,529,529,529,529,529,529,529,568,3221226042,287,260,2684354885,314,852,871,871,860,3221226317,314,1610613063,260,260,260,260,260,260,260,260,260,260,260,260,1610613032,2684354858,865,865,865,865,298,3221225769,260,260,260,260,260,
866,866,866,866,866,866,866,866,866,866,866,866,866,866,866,866,866,866,866,866,866,866,866,866,866,866,866,863,1610613588,3221226317,321,260,260,260,260,260,260,260,260,260,260,260,260,260,260,260,260,260,260,260,260,260,3221225761,1610613298,529,529,529,529,529,529,529,529,2684355121,298,3221225766,260,3221225796,314,852,871,860,3221226333,314,317,3221225803,260,260,260,260,260,260,260,260,260,260,260,260,260,1610613031,2684354849,2684354859,865,299,3221225766,260,260,260,260,260,260,
866,866,866,866,866,866,866,866,866,866,866,866,866,866,866,866,866,866,866,866,866,866,866,866,866,866,863,3221226334,333,327,3221225807,260,260,260,260,260,260,260,260,260,260,260,260,260,260,260,260,260,260,260,260,260,3221225761,1610613297,529,529,529,529,529,529,529,529,2684355121,288,260,260,2684354885,314,852,865,3221226324,314,317,3221225803,260,260,260,260,260,260,260,260,260,260,260,260,260,260,260,260,1610613031,2684354848,3221225766,260,260,260,260,260,260,260,
866,866,866,866,866,866,866,866,866,866,866,866,866,866,866,866,866,866,866,866,866,866,866,866,866,863,3221226333,318,3221225807,260,260,742,742,742,742,742,742,742,742,260,260,260,260,260,260,260,260,260,260,260,260,260,3221225761,1610613297,529,529,529,529,529,529,529,567,3221226042,287,260,260,3221225795,314,852,865,3221226324,333,3221225803,260,260,260,260,260,260,260,260,260,260,400,260,260,260,260,260,260,260,260,260,260,260,260,260,260,260,260,
866,866,866,866,866,866,866,866,866,866,866,866,866,866,866,866,866,866,866,866,866,866,866,863,1610613588,3221226334,318,3221225807,260,742,742,742,742,742,742,742,742,742,742,742,260,260,260,260,260,260,260,260,260,260,260,296,3221225771,1610613298,529,529,529,529,529,529,529,2684355124,298,3221225766,260,260,3221225796,314,852,865,3221226324,1610613061,260,260,260,260,260,260,260,260,260,260,400,400,400,260,260,260,260,260,260,260,260,260,260,260,260,260,260,260,
866,866,866,866,866,866,866,866,866,866,866,866,866,866,866,866,866,866,866,866,866,863,1610613588,3221226333,334,327,3221225807,260,260,742,742,742,742,742,742,742,742,742,742,742,260,260,260,260,260,260,260,260,260,260,260,2684354851,569,3221226039,529,529,529,529,529,529,529,2684355121,287,260,260,260,2684354887,314,852,865,3221226324,1610613061,260,260,260,260,260,260,260,260,260,260,400,400,400,400,400,260,260,260,260,260,260,260,260,260,260,260,260,260,
866,866,866,866,866,866,866,866,866,866,866,866,866,866,866,866,866,866,866,863,1610613588,3221226317,334,2684354881,3221225807,260,260,260,742,742,742,742,742,742,742,742,742,742,742,742,260,260,260,260,260,260,260,260,260,260,260,2684354851,1610613297,529,529,529,529,529,529,529,529,2684355124,288,260,260,260,3221225795,314,852,865,3221226324,1610613061,260,260,260,260,260,260,260,260,260,260,260,400,400,400,400,400,400,400,400,400,400,400,260,260,260,260,260,260,
866,866,866,866,866,866,866,866,866,866,866,866,866,866,866,866,866,863,1610613588,3221226333,334,327,3221225807,260,260,260,260,742,742,742,742,742,742,742,742,742,742,742,742,742,260,260,260,260,260,260,260,260,260,260,260,2684354851,1610613297,529,529,529,529,529,529,529,529,2684355122,288,260,260,260,3221225794,314,852,865,3221226324,324,260,260,260,260,260,260,260,260,260,260,260,260,400,400,400,400,400,400,400,400,400,400,400,822,260,260,260,260,
866,866,866,866,866,866,866,866,866,866,866,866,866,866,866,863,1610613588,3221226317,334,325,3221225807,260,260,260,742,742,742,742,742,742,742,742,742,742,742,742,742,742,742,260,260,260,260,260,260,260,260,260,260,260,296,3221225771,1610613298,529,529,529,529,529,529,529,529,2684355121,287,260,260,260,1610613067,2684354893,852,865,3221226324,323,260,260,260,260,260,260,260,260,260,329,1610613057,1610613057,822,400,400,400,400,400,400,400,400,822,822,822,822,822,822,822,
866,866,866,866,866,866,866,866,866,866,866,866,866,863,1610613588,3221226317,334,327,3221225807,260,260,260,742,742,742,742,742,742,742,742,742,742,742,742,742,742,742,742,742,260,260,260,260,260,260,260,260,260,260,260,2684354850,569,3221226039,529,529,529,529,529,529,529,529,2684355124,288,260,260,260,260,2684354885,852,865,3221226324,1610613061,260,260,260,260,260,260,260,260,335,3221225806,822,822,822,822,822,400,400,400,400,822,822,822,822,822,822,822,822,822,
866,866,866,866,866,866,866,866,866,866,866,863,1610613588,3221226317,334,2684354882,3221225807,260,260,260,260,742,742,742,742,742,742,742,742,742,742,742,742,742,742,742,742,260,260,260,260,260,260,260,260,260,260,260,260,260,2684354850,1610613297,529,529,529,529,529,529,529,529,529,2684355122,1610613034,2684354854,260,260,260,3221225796,852,865,3221226324,324,260,260,260,260,260,260,260,260,3221225793,822,822,822,822,822,822,822,822,822,822,822,822,822,822,822,822,822,822,822,
866,866,866,866,866,866,866,866,866,863,1610613588,3221226317,333,2684354881,3221225804,260,260,260,260,260,742,742,742,742,871,871,871,742,742,742,742,742,742,742,742,742,742,260,260,260,260,260,260,260,260,260,260,260,260,260,2684354850,1610613298,529,529,529,529,529,529,529,529,529,1610613304,2684355129,288,260,260,260,2684354885,852,865,3221226324,323,260,260,260,260,260,260,260,260,3221225793,822,822,822,822,822,822,822,822,822,822,822,822,822,822,822,822,822,822,822,
866,866,866,866,866,866,866,866,866,3221226324,333,325,3221225804,260,260,260,260,260,260,742,742,742,742,742,871,871,871,742,742,742,742,742,742,742,742,260,260,260,260,260,260,260,260,260,260,260,260,260,260,260,2684354850,1610613306,3221226033,2684355132,529,529,529,529,529,529,529,529,2684355121,288,260,260,260,3221225795,852,865,3221226324,1610613061,260,260,260,260,260,260,260,335,3221225805,822,822,822,822,822,865,865,865,822,822,822,822,822,822,865,822,822,822,822,
866,866,866,866,866,866,866,866,866,3221226324,322,260,260,260,260,260,260,260,260,742,742,742,742,871,871,871,742,742,742,742,742,742,742,742,260,260,260,260,260,260,260,260,260,260,260,260,260,260,260,260,1610613032,2684354848,2684354859,1610613306,2684355125,529,529,529,529,529,529,529,2684355123,287,260,260,260,3221225796,852,865,3221226324,1610613070,2684354890,260,260,260,260,260,332,3221225805,822,822,822,822,822,865,866,866,865,865,865,822,822,865,865,865,865,822,822,822,
866,866,866,866,866,866,866,866,866,3221226324,321,260,260,260,260,260,260,260,260,742,742,742,742,871,871,871,742,742,742,742,742,742,260,260,260,260,260,260,260,260,260,260,260,260,260,260,260,260,260,260,260,260,1610613032,2684354859,1610613306,2684355126,529,529,529,529,529,529,2684355121,289,260,260,260,2684354885,852,865,1610613599,2684355421,1610613061,260,260,260,260,260,3221225793,822,822,822,822,822,865,865,866,866,866,866,865,865,865,865,866,866,865,822,822,822,
866,866,866,866,866,866,866,866,866,3221226324,322,260,260,260,260,260,260,260,260,260,742,742,742,871,871,742,742,742,742,742,742,260,260,260,260,260,260,260,260,260,260,260,260,260,260,260,260,260,260,260,260,260,260,1610613032,2684354858,1610613306,2684355127,529,529,529,529,529,2684355124,288,260,260,260,3221225796,852,865,865,3221226324,1610613061,260,260,260,260,260,3221225793,822,822,822,822,822,865,866,866,866,866,866,866,866,866,866,866,866,865,865,822,822,
866,866,866,866,866,866,866,866,866,3221226324,323,260,260,260,260,260,260,260,260,742,742,742,742,742,742,742,742,742,742,742,260,260,260,260,260,260,260,260,260,260,260,260,260,260,260,260,260,260,260,260,260,260,260,260,1610613031,2684354859,1610613306,2684355128,529,529,529,529,2684355123,287,260,260,260,2684354885,1610613582,2684355423,865,3221226324,1610613062,260,260,260,260,260,3221225793,822,822,822,822,822,865,866,866,866,866,866,866,866,866,866,866,866,866,865,865,865,
866,866,866,866,866,866,866,866,866,3221226324,321,260,260,260,260,260,260,260,260,742,742,742,742,742,742,742,742,742,260,260,260,260,260,260,260,260,260,260,260,260,260,260,260,260,260,260,260,260,260,260,260,260,260,260,260,1610613033,2684354858,560,529,529,529,529,2684355124,288,260,260,260,1610613066,2684354894,852,865,3221226324,1610613061,260,260,260,260,260,3221225793,822,822,822,822,865,865,866,866,866,866,866,866,866,866,866,866,866,866,866,866,865,
866,866,866,866,866,866,866,866,866,3221226324,322,260,260,260,260,260,260,260,742,742,742,742,742,742,742,742,742,260,260,260,260,260,260,260,260,260,260,871,260,260,260,260,260,260,260,260,260,260,260,260,260,260,260,260,260,260,3221225760,1610613297,529,529,529,529,2684355121,1610613035,260,260,260,260,3221225794,852,865,3221226324,1610613061,260,260,260,260,260,3221225793,822,822,822,822,865,866,866,866,866,866,866,866,866,866,866,866,866,866,866,866,866,
866,866,866,866,866,866,866,866,866,3221226324,1610613061,260,260,260,260,260,260,260,742,742,742,742,742,742,742,742,260,260,260,260,260,260,260,260,260,260,260,871,260,260,260,260,260,260,260,260,260,260,260,260,260,260,260,260,260,260,3221225760,560,529,529,529,529,1610613304,2684355130,2684354856,260,260,260,2684354885,852,865,3221226324,1610613070,2684354889,260,260,260,260,1610613067,2684354894,822,822,865,865,866,866,866,866,866,866,866,866,866,866,866,866,866,866,866,866,
866,866,866,866,866,866,866,866,866,3221226324,323,260,260,260,260,260,260,260,742,742,742,742,742,742,742,260,260,260,260,260,260,260,260,260,260,260,260,260,260,260,260,260,260,260,260,260,260,260,260,260,260,260,260,260,260,260,3221225760,1610613297,529,529,529,529,529,2684355122,1610613035,2684354854,260,260,3221225794,852,865,1610613599,2684355406,1610613061,260,260,260,260,260,3221225793,822,822,865,866,866,866,866,866,866,866,866,866,866,866,866,866,866,866,865,865,
866,866,866,866,866,866,866,866,866,3221226324,321,260,260,260,260,260,260,260,742,742,742,742,742,260,260,260,260,260,260,260,260,260,260,260,260,260,260,260,260,260,260,260,260,260,260,260,260,260,260,260,260,260,260,260,260,260,3221225760,560,529,529,529,529,529,1610613303,2684355130,2684354857,260,260,2684354885,852,865,865,3221226324,1610613061,260,260,260,260,260,3221225793,822,822,865,866,866,866,866,866,866,866,866,866,866,866,866,866,866,866,865,822,
866,866,866,866,866,866,866,866,863,3221226334,322,260,260,260,260,260,260,260,260,260,260,260,260,260,260,260,260,260,260,260,260,260,260,260,260,260,260,260,260,260,260,260,260,260,260,260,260,260,260,260,260,260,260,260,260,260,3221225760,560,529,529,529,529,529,529,2684355124,1610613035,2684354854,260,2684354885,1610613582,2684355423,865,3221226324,1610613069,2684354890,260,260,260,260,3221225793,822,822,865,865,866,866,866,866,866,866,866,866,866,866,866,866,866,866,865,822,
866,866,866,866,866,866,866,866,3221226324,333,3221225802,260,260,260,260,260,260,260,260,260,260,260,260,260,260,260,260,260,260,260,260,260,260,260,260,260,260,260,260,260,260,260,260,260,260,260,260,260,260,260,260,260,260,260,260,260,3221225759,560,529,529,529,529,529,529,1610613302,2684355130,289,260,1610613068,2684354894,1610613582,2684355423,1610613596,2684355405,1610613061,260,260,260,260,3221225793,822,822,822,865,866,866,866,866,866,866,866,866,866,866,866,866,866,865,865,822,
866,866,866,866,866,866,866,863,3221226334,321,260,260,260,260,260,260,260,260,260,260,260,260,260,260,260,260,260,260,260,260,260,260,260,260,260,260,260,260,260,260,260,260,260,260,260,260,260,260,260,260,260,260,260,260,260,260,3221225759,1610613297,529,529,529,529,529,529,529,2684355121,288,260,260,1610613068,2684354894,852,865,3221226324,322,260,260,260,260,3221225793,822,822,822,865,865,865,866,866,866,866,866,866,866,866,866,866,865,865,822,822,
866,866,866,866,866,866,866,3221226324,333,3221225802,260,260,260,260,260,260,260,260,260,260,260,260,260,260,260,260,260,260,332,3221225797,3221225798,2684354890,260,260,260,260,260,260,260,260,260,260,260,260,260,260,260,260,260,260,260,260,260,260,260,260,3221225759,1610613306,2684355127,529,529,529,529,529,529,2684355124,288,260,260,260,3221225794,852,865,3221226324,1610613069,2684354889,260,260,260,1610613065,2684354894,822,822,822,822,865,865,866,866,866,866,866,866,866,866,865,865,822,822,822,
866,866,866,866,866,866,866,3221226324,322,260,260,260,260,260,260,260,260,260,260,260,260,260,260,260,260,330,1610613060,1610613059,3221225806,862,2684355422,322,260,260,260,260,260,260,260,260,260,260,260,260,260,260,260,260,260,260,260,260,260,260,260,260,1610613032,2684354858,560,529,529,529,529,529,529,2684355121,287,260,260,260,2684354885,852,865,1610613596,2684355422,1610613069,3221225797,260,260,260,3221225794,822,822,822,822,822,865,865,865,866,866,866,866,865,865,822,822,822,486,822,
866,866,866,866,866,866,863,3221226334,324,260,260,260,260,260,260,260,260,260,260,260,260,260,332,1610613059,1610613060,3221225806,862,2684355412,2684355412,865,3221226333,322,260,260,260,260,260,260,260,260,260,260,260,260,260,260,260,260,260,260,260,260,260,260,260,260,260,3221225759,1610613299,529,529,529,529,529,572,3221226041,288,260,260,260,2684354885,1610613582,2684355420,865,2684355414,822,822,822,1610613053,2684354890,1610613068,2684354878,822,822,822,822,822,822,865,865,865,865,865,865,822,822,822,822,822,822,
866,866,866,866,866,866,3221226324,333,3221225802,260,260,260,260,260,260,260,260,260,260,332,1610613059,1610613060,3221225806,862,2684355412,2684355412,3221226335,866,865,3221226334,333,3221225802,260,260,260,260,260,260,260,260,260,260,260,260,260,260,260,260,260,260,260,260,260,260,260,260,296,3221225770,1610613297,529,529,529,529,529,2684355123,298,3221225766,260,260,260,1610613066,2684354893,852,865,2684355414,822,822,822,822,1610613070,2684354892,1610613068,326,2684354881,2684354894,822,822,822,822,822,822,822,822,822,822,822,2684355045,822,822,822,
866,866,866,866,866,863,3221226334,1610613061,260,260,260,260,260,260,260,260,260,332,1610613060,3221225806,861,2684355412,2684355412,3221226335,866,866,866,863,3221226333,333,3221225803,260,260,260,260,260,260,260,260,260,260,260,260,260,260,260,260,260,260,260,260,260,260,260,260,260,3221225760,570,3221226040,529,529,529,529,529,2684355122,288,260,260,260,260,260,2684354885,852,865,3221226324,822,822,822,822,822,1610613063,260,260,260,1610613066,2684354881,2684354894,822,822,484,822,822,822,822,822,822,822,822,822,822,
866,866,866,866,866,3221226324,333,3221225802,260,260,260,260,260,260,260,331,1610613060,3221225805,846,2684355412,3221226335,866,866,866,866,866,863,3221226317,333,3221225801,260,260,260,260,260,260,260,260,260,260,260,260,260,260,260,871,260,260,260,260,260,260,260,260,260,260,3221225760,1610613298,529,529,529,529,529,529,2684355123,1610613027,260,260,260,260,260,2684354885,852,865,1610613596,854,2684355407,822,822,822,1610613069,1610613057,2684354890,260,260,260,1610613067,2684354877,822,822,822,314,822,822,2684355044,822,333,327,327,327,
866,866,866,866,866,3221226324,1610613061,260,260,260,260,260,260,260,332,3221225805,861,2684355412,3221226335,866,866,866,866,866,866,863,3221226317,333,3221225803,260,260,260,260,260,260,260,260,260,260,260,260,260,260,260,871,871,260,260,260,260,260,260,260,260,260,260,3221225760,1610613297,529,529,529,529,529,529,2684355122,287,260,260,260,260,260,2684354885,1610613582,2684355420,865,865,3221226324,822,822,822,822,822,1610613064,260,260,260,260,1610613068,327,327,327,327,2684354881,2684354881,2684354881,2684354882,3221225804,260,260,260,
866,866,866,866,866,3221226324,1610613062,260,260,260,260,260,260,332,3221225805,848,865,866,866,866,866,866,866,866,863,3221226317,333,3221225801,260,260,260,260,260,260,260,260,260,260,260,260,260,260,260,871,871,260,260,260,260,260,260,260,260,260,260,260,3221225760,560,529,529,529,529,529,571,3221226042,288,260,260,260,260,260,1610613065,2684354893,852,865,865,3221226324,822,822,822,822,822,1610613054,2684354892,260,260,260,260,260,260,260,260,260,260,260,260,260,260,260,260,
866,866,866,866,866,3221226324,1610613061,260,260,260,260,260,260,2684354886,848,3221226335,866,866,866,866,866,866,866,866,2684355413,333,3221225801,260,260,260,260,260,260,260,260,260,260,260,260,260,260,260,260,871,260,260,260,260,260,260,260,260,260,260,260,260,3221225760,560,529,529,529,529,529,2684355122,298,3221225766,260,260,260,260,260,260,2684354885,852,865,857,3221226334,822,822,822,822,822,822,1610613064,260,260,260,260,260,260,260,260,260,260,260,260,260,260,260,260,
866,866,866,866,866,3221226324,322,260,260,260,260,260,330,3221225806,852,866,866,866,866,866,866,866,866,863,3221226317,322,260,260,260,260,260,260,260,260,260,260,260,260,260,260,260,260,260,260,260,260,260,260,260,260,260,260,260,260,260,296,3221225770,1610613297,529,529,529,529,529,2684355121,287,260,260,260,260,260,260,260,2684354886,852,865,3221226322,822,822,822,822,822,822,822,1610613064,260,260,260,260,260,260,260,260,260,260,260,260,260,260,260,260,
866,866,866,866,866,3221226324,1610613062,260,260,260,260,260,3221225796,848,3221226335,866,866,866,866,866,866,866,863,3221226317,333,3221225803,260,260,260,260,260,260,260,260,260,260,260,260,260,260,260,260,260,260,260,260,260,260,260,260,260,260,260,260,260,3221225760,570,3221226040,529,529,529,529,566,3221226042,288,260,260,260,260,260,260,260,2684354885,852,865,1610613593,2684355405,822,822,822,822,822,822,1610613064,260,260,260,260,260,260,260,260,260,260,260,260,260,260,260,260,
866,866,866,866,866,3221226324,1610613069,2684354890,260,260,260,332,3221225806,852,866,866,866,866,866,866,866,866,2684355413,333,3221225801,260,260,260,260,260,260,260,260,260,260,260,260,260,260,260,260,260,260,260,260,260,260,260,260,260,260,260,260,260,260,3221225760,560,529,529,529,529,529,2684355124,298,3221225768,260,260,260,260,260,260,260,2684354887,852,865,865,3221226322,822,822,822,822,822,822,1610613064,260,260,260,260,260,260,260,260,260,260,260,260,260,260,260,260,
866,866,866,866,866,1610613599,2684355422,1610613070,1610613060,3221225798,1610613058,3221225806,848,3221226335,866,866,866,866,866,866,866,863,3221226317,322,260,260,260,260,260,260,260,260,260,260,871,871,260,260,260,260,260,260,260,260,260,260,260,260,260,260,260,260,260,260,297,3221225771,1610613297,529,529,529,529,529,2684355122,287,260,260,260,260,260,260,260,260,2684354886,852,865,865,1610613593,2684355408,822,822,822,822,822,1610613054,2684354892,260,260,260,260,260,260,260,260,260,260,260,260,260,260,260,
866,866,866,866,866,866,1610613599,2684355412,2684355412,2684355422,822,848,3221226335,866,866,866,866,866,866,866,866,2684355413,333,3221225802,260,260,260,260,260,260,260,260,260,260,871,260,260,260,260,260,260,260,260,260,260,260,260,260,260,260,260,260,260,260,3221225760,569,3221226039,529,529,529,529,571,3221226041,288,260,260,260,260,260,260,260,260,2684354885,1610613597,2684355423,865,865,1610613593,2684355421,822,822,822,822,822,1610613064,260,260,260,260,260,260,260,260,260,260,260,260,260,260,260,
866,866,866,866,866,866,866,866,866,1610613599,2684355412,3221226335,866,866,866,866,866,866,866,866,857,3221226317,322,260,260,260,260,260,260,260,260,260,260,260,260,260,260,260,260,260,260,260,260,260,260,260,260,260,260,260,260,260,260,297,3221225771,1610613297,529,529,529,529,529,2684355124,298,3221225768,260,260,260,260,260,260,260,260,1610613068,2684354893,852,865,865,865,865,2684355410,2684355422,822,822,822,1610613064,260,260,260,260,260,260,260,260,260,260,260,260,260,260,260,
866,866,866,866,866,866,866,866,866,866,866,866,866,866,866,866,866,866,866,866,2684355413,333,3221225802,260,260,260,260,260,260,260,260,260,260,260,260,260,260,260,260,260,260,260,260,260,260,260,260,260,260,260,260,260,296,3221225771,569,3221226039,529,529,529,529,567,3221226042,289,260,260,260,260,260,260,260,260,260,260,3221225795,852,865,865,865,865,865,1610613593,2684355405,822,822,1610613054,2684354892,260,260,260,260,260,260,260,260,260,260,260,260,260,260,
866,866,866,866,866,866,866,866,866,866,866,866,866,866,866,866,866,866,866,866,2684355413,322,2684354890,260,260,260,260,260,260,260,260,260,260,260,260,260,260,260,260,260,260,260,260,260,260,260,260,260,260,260,260,296,3221225770,569,3221226040,529,529,529,529,529,2684355122,298,3221225766,260,260,260,260,260,260,260,260,260,329,3221225805,852,865,865,865,865,865,865,1610613593,2684355410,2684355410,2684355408,321,260,260,260,260,260,260,260,260,260,260,260,260,260,260,
866,866,866,866,866,866,866,866,866,866,866,866,866,866,866,866,866,866,866,866,2684355413,585,1610613069,2684354891,260,260,260,260,260,260,260,260,260,260,260,260,260,260,260,260,260,260,260,260,260,260,260,260,260,260,295,3221225770,569,3221226043,529,529,529,529,529,566,3221226042,287,260,260,260,260,260,260,260,260,260,260,3221225794,846,3221226335,865,865,865,865,865,865,865,865,865,3221226324,321,260,260,260,260,260,260,260,260,260,260,260,260,260,260,
866,866,866,866,866,866,866,866,866,866,866,866,866,866,866,866,866,866,866,866,2684355413,585,314,1610613069,3221225797,3221225798,3221225797,3221225798,1610613060,2684354892,260,260,260,260,260,260,260,260,260,260,260,260,260,260,260,260,260,260,260,296,3221225770,570,3221226043,529,529,529,529,529,529,2684355122,313,288,260,260,260,260,260,260,260,260,260,260,3221225795,852,865,865,865,865,865,865,865,865,865,865,3221226324,323,260,260,260,260,260,260,260,260,260,260,260,260,260,260,
866,866,866,866,866,866,866,866,866,866,866,866,866,866,866,866,866,866,866,866,2684355413,822,585,585,585,585,585,585,585,1610613070,3221225797,2684354891,260,260,260,260,260,331,3221225800,3221225800,3221225798,3221225800,3221225800,3221225798,3221225800,3221225798,2684354891,260,295,3221225770,313,1610613298,529,529,529,529,529,529,566,3221226041,299,3221225768,260,260,260,260,260,260,260,260,260,260,3221225794,852,865,865,865,865,865,865,865,865,865,865,3221226324,1610613064,260,260,260,260,260,260,260,260,260,260,260,260,260,260,
866,866,866,866,866,866,866,866,866,866,866,866,866,866,866,866,866,866,866,866,1610613593,2684355421,585,585,585,585,585,585,585,585,585,1610613069,3221225798,1610613058,1610613058,3221225798,1610613058,3221225805,585,585,585,585,585,585,585,585,1610613054,3221225762,3221225770,313,313,1610613298,529,529,529,529,532,532,2684355123,299,3221225768,260,260,260,260,260,260,260,260,260,260,260,3221225795,852,865,865,865,865,865,865,865,865,865,865,3221226324,1610613069,2684354896,260,260,260,260,260,260,260,260,260,260,260,871,260,
866,866,866,866,866,866,866,866,866,866,866,866,866,866,866,866,866,866,866,866,866,1610613593,2684355422,585,585,585,585,585,585,585,585,585,585,585,585,585,585,585,585,585,585,585,585,585,585,585,585,2684354817,313,569,561,3221226039,529,529,529,529,529,568,3221226026,288,260,260,260,260,260,260,260,260,260,260,260,260,3221225794,1610613597,1610613588,1610613588,1610613588,2684355424,865,865,865,865,865,865,3221226324,822,1610613063,260,260,260,260,260,260,260,260,260,260,871,871,260,
866,866,866,866,866,866,866,866,866,866,866,866,866,866,866,866,866,866,866,866,866,866,1610613599,2684355412,2684355408,585,585,585,585,585,585,585,585,585,585,585,585,585,585,585,585,585,585,585,488,585,585,245,313,560,529,529,529,529,529,529,567,3221226041,298,3221225768,260,260,260,260,260,260,260,260,260,260,260,260,1610613065,326,327,325,326,1610613598,2684355424,865,865,865,865,857,3221226318,822,1610613063,260,260,260,260,260,260,260,260,260,871,260,260,260,
866,866,866,866,866,866,866,866,866,866,866,866,866,866,866,866,866,866,866,866,866,866,866,866,1610613599,2684355412,2684355422,585,585,585,585,585,585,585,585,585,585,585,585,585,483,585,585,585,585,585,585,244,313,560,529,529,529,529,529,568,3221226026,3221225769,260,260,260,260,260,260,260,260,260,260,260,294,1610613024,1610613025,1610613024,1610613025,2684354854,265,265,2684354886,852,865,865,865,857,3221226318,822,822,1610613063,260,260,260,260,260,260,260,260,260,871,260,260,260,
866,866,866,866,866,866,866,866,866,866,866,866,866,866,866,866,866,866,866,866,866,866,866,866,866,866,1610613599,2684355412,2684355412,2684355408,585,585,585,585,585,585,585,585,585,585,585,490,585,585,585,487,585,245,313,560,529,529,529,529,568,3221226026,1610613034,1610613023,3221225762,1610613024,1610613022,1610613023,3221225762,1610613024,1610613023,3221225762,1610613024,3221225762,1610613024,3221225770,212,212,212,212,1610613034,2684354857,260,2684354885,852,865,865,865,3221226324,822,822,822,1610613063,260,260,260,260,260,260,260,260,260,260,260,260,260,
866,866,866,866,866,866,866,866,866,866,866,866,866,866,866,866,866,866,866,866,866,866,866,866,866,866,866,866,866,1610613599,2684355412,2684355412,2684355412,2684355408,585,585,585,482,585,585,585,585,585,585,585,585,585,244,313,1610613306,3221226036,1073742385,1610613296,1073742388,3221226041,212,212,212,212,212,212,212,212,212,212,212,212,212,212,212,232,223,212,212,212,3221225766,260,2684354887,852,865,865,865,3221226324,822,822,319,3221225802,260,260,260,260,260,260,260,260,260,260,260,260,260,
866,866,866,866,866,866,866,866,866,866,866,866,866,866,866,866,866,866,866,866,866,866,866,866,866,866,866,866,866,866,866,866,866,1610613596,2684355412,2684355412,2684355412,2684355412,2684355412,2684355412,2684355421,585,488,585,585,585,238,3221225724,212,212,212,212,212,212,212,212,212,212,212,212,212,212,212,212,212,212,212,212,212,233,224,212,212,212,3221225768,260,260,2684354886,852,865,865,865,3221226324,822,822,1610613063,260,260,260,260,260,260,260,260,260,260,260,260,260,260,
866,866,866,866,866,866,866,866,866,866,866,866,866,866,866,866,866,866,866,866,866,866,866,866,866,866,866,866,866,866,866,866,866,866,866,866,866,866,866,866,1610613596,2684355412,2684355421,585,585,585,1610612985,212,212,212,212,212,212,212,212,212,212,212,212,212,212,212,212,298,2684354859,212,212,212,220,221,299,290,290,3221225768,260,260,260,2684354885,852,865,865,865,3221226324,822,822,1610613063,260,260,260,260,260,260,260,260,260,260,260,260,260,260,
866,866,866,866,866,866,866,866,866,866,866,866,866,866,866,866,866,866,866,866,866,866,866,866,866,866,866,866,866,866,866,866,866,866,866,866,866,866,866,866,866,865,3221226324,585,585,585,245,212,212,212,212,212,212,212,212,212,212,212,212,212,212,299,290,260,1610613032,290,290,2684354848,291,2684354848,3221225769,260,260,260,260,260,260,2684354885,852,865,865,857,3221226318,822,320,3221225801,260,260,260,260,260,260,260,260,260,260,260,260,260,260,
866,866,866,866,866,866,866,866,866,866,866,866,866,866,866,866,866,866,866,866,866,866,866,866,866,866,866,866,866,866,866,866,866,866,866,866,866,866,866,866,866,865,3221226324,585,489,585,245,212,212,212,212,212,212,212,212,212,212,212,212,298,290,3221225768,260,260,260,260,260,260,260,260,260,260,260,260,260,260,260,2684354886,852,865,865,3221226324,822,822,1610613063,260,260,260,260,260,260,260,260,260,260,260,260,260,260,260,
866,866,866,866,866,866,866,866,866,866,866,866,866,866,866,866,866,866,866,866,866,866,866,866,866,866,866,866,866,866,866,866,866,866,866,866,866,866,866,866,866,865,3221226324,585,585,585,245,212,212,212,212,212,212,212,212,212,299,290,290,3221225768,260,260,260,260,260,260,260,260,260,260,260,260,260,260,260,260,330,3221225792,852,865,865,3221226324,822,320,3221225802,260,260,260,260,260,260,260,260,260,260,260,260,260,260,260,
866,866,866,866,866,866,866,866,866,866,866,866,866,866,866,866,866,866,866,866,866,866,866,866,866,866,866,866,866,866,866,866,866,866,866,866,866,866,866,866,866,865,3221226324,585,585,489,1610612985,212,212,212,212,212,212,298,290,290,3221225768,260,260,260,260,260,260,260,260,260,260,260,260,260,260,260,260,260,260,330,3221225792,848,3221226336,865,865,3221226324,822,321,260,260,260,260,260,260,260,260,260,260,260,260,260,260,260,260,
866,866,866,866,866,866,866,866,866,866,866,866,806,866,866,866,2684355366,866,866,866,866,866,866,866,866,866,866,866,866,866,866,866,866,866,866,866,866,866,866,866,865,865,3221226324,585,585,585,1610612985,212,212,212,212,212,212,287,260,260,260,260,260,260,260,260,260,260,260,260,260,260,260,260,260,260,260,260,330,3221225792,848,3221226336,866,865,865,3221226324,822,321,260,260,260,260,260,260,260,260,260,260,260,260,260,260,260,260,
866,866,866,866,866,866,866,866,866,806,866,866,3221226276,865,865,865,1610613540,2684355366,866,866,866,866,866,866,866,866,866,866,866,866,866,866,866,866,866,866,866,866,866,866,865,863,3221226334,585,585,585,245,212,212,212,299,290,290,3221225768,260,260,260,260,260,260,260,260,871,871,260,260,260,260,260,260,260,260,260,330,3221225791,848,3221226336,866,866,865,865,3221226324,319,3221225804,260,260,260,260,260,260,260,260,260,260,260,260,260,260,260,260,
866,866,866,866,866,866,806,866,866,866,865,865,865,865,865,865,865,866,2684355366,866,866,866,866,866,866,866,866,866,866,866,866,866,866,866,866,866,866,866,866,866,863,3221226320,585,585,487,585,1610612983,212,212,212,1610613026,260,260,260,260,260,260,260,260,260,871,871,871,260,260,260,260,260,260,260,260,274,330,3221225789,848,3221226336,866,866,866,865,865,3221226324,1610613063,260,260,260,260,260,260,260,260,260,260,260,260,260,260,260,260,260,
866,866,866,866,866,806,3221226276,865,865,865,865,865,865,865,865,865,865,865,1610613540,2684355366,866,866,866,866,866,866,866,866,866,866,866,866,866,866,866,866,866,866,866,863,3221226319,585,585,489,585,254,3221225725,212,212,299,3221225768,260,260,260,260,260,260,260,260,260,260,260,260,260,260,260,260,260,297,3221225762,3221225762,3221225763,3221225714,848,3221226336,866,866,866,866,865,863,3221226319,1610613063,260,260,260,260,260,260,260,260,260,260,260,260,260,260,260,260,260,
866,866,866,866,866,866,865,865,865,865,865,865,865,865,865,865,865,865,865,2684355361,866,866,866,866,866,866,866,866,866,866,866,866,866,866,866,866,866,866,866,3221226322,585,585,585,585,585,1610612983,212,282,290,3221225768,260,260,260,260,260,260,260,260,260,260,260,260,260,260,260,260,294,3221225762,3221225771,584,584,584,3221225717,852,866,866,866,866,866,865,3221226324,334,3221225804,260,260,260,260,260,260,260,260,260,260,260,260,260,260,260,260,260,
866,866,866,866,866,866,865,865,865,865,865,865,865,865,865,865,865,865,865,2684355360,866,866,866,866,866,866,866,866,866,866,866,866,866,866,866,866,866,866,865,3221226322,585,585,585,585,585,243,584,288,260,260,260,260,260,260,260,260,260,260,260,260,260,260,260,260,260,294,3221225770,584,584,584,584,584,3221225714,852,866,866,866,866,866,865,2147484497,1610613063,260,301,1610613025,1610613025,1610613025,2684354856,260,260,260,260,260,260,260,260,260,260,260,260,
866,866,866,866,866,866,865,865,865,865,865,865,865,865,865,865,865,865,865,2684355361,866,866,866,866,866,866,866,866,866,866,866,866,866,866,866,866,866,866,857,3221226318,585,585,585,585,585,1610612984,584,1610613035,1610613025,1610613024,2684354857,260,260,260,260,260,260,260,260,260,260,260,260,296,1610613024,3221225770,584,584,584,584,584,584,2684354809,852,871,866,866,866,865,863,3221226319,1610613063,260,2684354850,806,798,2684355367,1610613034,3221225762,2684354857,260,296,1610613025,1610613025,1610613025,2684354856,260,260,260,260,
866,866,866,866,866,1610613542,2684355364,865,865,865,865,865,865,865,865,865,865,865,865,2684355358,866,866,866,866,866,866,866,866,866,866,866,866,866,866,866,866,866,857,3221226334,585,585,585,585,585,585,1610612990,3221225719,3221225718,3221225720,3221225718,2684354867,1610613059,1610613060,2684354889,260,260,260,260,260,260,260,330,2684354892,536871222,3221225720,3221225721,3221225720,3221225720,2684354811,584,584,584,2684354808,852,866,866,866,866,865,3221226324,334,3221225804,301,807,3221226281,775,798,2684355367,313,1610613034,1610613025,1610613025,798,798,798,1610613018,1610613023,1610613023,1610613023,1610613023,
866,866,866,866,866,866,1610613542,2684355368,865,865,865,865,865,865,865,865,865,865,805,3221226278,866,866,866,866,866,866,866,866,866,866,866,866,866,866,866,866,857,3221226334,585,585,585,585,585,585,314,862,2684355412,2684355412,2684355412,2684355412,2684355412,2684355412,2684355405,1610613069,2684354890,260,260,260,260,330,1610613060,3221225805,845,2684355412,2684355412,2684355412,2684355412,2684355405,1610612991,3221225720,2684354813,584,3221225714,852,866,866,866,865,865,2147484497,1610613063,301,807,3221226281,775,775,775,798,313,313,798,798,775,775,775,798,798,798,798,2684355358,
866,866,866,866,866,866,866,866,865,865,865,865,865,865,865,805,1610613533,3221226270,3221226278,866,866,866,866,866,866,866,866,866,866,866,866,866,866,866,866,857,3221226334,585,585,585,585,585,585,585,314,852,865,866,866,866,866,866,1610613596,2684355405,1610613054,3221225798,3221225797,1610613060,3221225798,3221225805,845,2684355412,3221226336,866,866,866,866,1610613600,2684355412,2684355405,1610612990,2684354813,2684354808,852,866,866,866,865,863,3221226318,1610613063,806,3221226280,775,775,775,775,775,798,798,775,775,772,775,775,775,775,775,775,2684355358,
866,866,866,866,866,866,866,1610613542,2684355368,865,865,865,865,865,865,2684355358,866,866,866,866,866,866,866,866,866,866,866,866,866,866,866,866,866,866,857,3221226334,585,585,585,585,585,585,585,585,845,3221226335,866,866,866,866,866,866,866,1610613600,2684355412,2684355412,2684355412,2684355412,2684355412,2684355412,3221226336,866,866,866,866,866,866,866,866,1610613600,2684355405,1610612984,2684354809,852,866,866,866,865,3221226324,334,3221225803,1610613534,775,775,775,775,775,775,775,775,775,787,771,787,775,775,775,775,775,2684355358,
866,866,866,866,866,866,866,866,1610613542,2684355365,865,865,865,865,865,866,866,866,866,866,866,866,866,866,866,866,866,866,866,866,866,866,866,857,3221226334,585,585,585,585,585,585,585,585,846,865,866,866,866,866,866,866,866,866,866,866,866,865,865,866,866,866,866,866,866,866,866,866,866,866,866,3221226324,1610612990,3221225726,852,866,866,865,865,2147484497,1610613062,3221225761,1610613534,775,775,775,775,775,775,775,775,771,787,787,783,787,775,775,775,775,2684355358,
866,866,866,866,866,866,866,866,866,1610613542,2684355364,865,865,865,865,866,865,866,866,866,866,866,866,866,866,866,866,866,866,866,866,857,1610613585,3221226334,585,585,585,585,585,585,585,585,848,3221226329,866,866,866,866,866,866,866,866,866,866,866,866,866,866,866,866,866,866,866,866,866,866,866,866,866,866,1610613600,2684355405,237,852,866,866,865,863,3221226320,1610613063,3221225761,1610613542,3221226270,2684355365,775,775,775,775,775,787,783,783,783,771,787,787,775,775,775,2684355358,
866,866,866,866,866,866,866,866,866,866,1610613542,2684355364,865,865,865,865,866,866,866,866,866,866,866,866,866,866,866,866,866,857,1610613585,3221226334,585,585,585,585,585,585,585,585,585,846,3221226329,866,866,866,866,866,866,866,866,866,866,866,866,866,866,866,866,866,866,866,866,866,866,866,866,866,866,866,866,1610613600,2684355412,3221226336,866,866,865,3221226324,334,3221225801,260,260,3221225761,1610613534,775,775,775,775,787,783,783,783,784,787,787,787,775,775,775,2684355358,
866,866,866,866,866,866,866,866,866,866,866,866,865,865,865,865,866,866,866,866,866,866,866,866,866,866,857,1610613585,1610613585,3221226334,585,585,585,585,585,585,585,585,585,848,2684355409,3221226329,866,866,866,866,866,866,866,866,866,866,866,866,866,866,866,866,866,866,866,866,866,866,866,866,866,866,866,866,866,866,866,866,866,865,865,3221226324,1610613062,260,260,260,3221225761,1610613534,775,775,775,775,775,787,787,787,783,787,775,775,775,775,775,2684355358,
866,866,866,866,866,866,866,866,866,866,866,866,865,865,865,865,866,866,866,866,866,866,866,866,1610613585,1610613585,3221226334,585,585,585,585,585,585,585,585,585,585,862,2684355409,3221226329,866,866,866,866,866,866,866,866,866,866,866,866,866,866,866,866,866,866,866,866,866,866,866,866,866,866,866,866,866,866,866,866,866,866,866,865,857,3221226320,1610613062,260,260,260,3221225761,2684355363,775,775,775,775,775,775,775,787,775,775,775,775,775,775,775,2684355358,
866,866,866,866,866,866,866,866,866,866,866,865,866,866,866,866,865,866,866,866,866,866,857,3221226334,585,585,585,585,585,585,585,585,585,585,861,2684355409,2684355409,3221226329,866,866,866,866,866,866,866,866,866,866,866,866,866,866,866,866,866,866,866,866,866,866,866,866,866,866,866,866,866,866,866,866,866,866,866,866,866,865,3221226324,334,3221225802,260,260,260,3221225761,1610613542,2684355363,775,775,775,775,775,775,775,775,775,775,775,775,803,3221226270,3221226279,
866,866,866,866,866,866,866,866,866,866,866,866,866,866,866,866,866,866,866,865,865,865,3221226324,585,585,585,585,585,585,861,2684355409,2684355409,2684355409,2684355409,3221226329,866,866,866,866,866,866,866,866,866,866,866,866,866,866,866,866,866,866,866,866,866,866,866,866,866,866,866,866,866,866,866,866,866,866,866,866,866,866,866,866,865,3221226324,751,687,260,260,260,260,260,1610613542,2684355363,775,775,775,775,775,775,775,775,808,3221226270,3221226270,3221226278,291,291,
866,866,866,866,866,866,866,866,866,866,866,866,866,866,866,865,865,865,865,865,865,865,1610613593,2684355409,2684355409,2684355409,2684355409,2684355409,2684355409,3221226329,866,866,866,866,866,866,866,866,866,866,866,866,866,866,866,866,866,866,866,866,866,866,866,866,866,866,866,866,866,866,866,866,866,866,866,866,866,866,866,866,866,866,866,866,866,865,3221226324,752,694,696,260,260,260,260,260,1610613543,2684355363,775,775,775,775,775,775,804,3221226279,291,291,291,260,260,
866,866,866,866,866,866,866,866,866,866,866,866,866,866,866,866,866,866,866,866,866,866,866,866,866,866,866,866,866,866,866,866,866,866,866,866,866,866,866,866,866,866,866,866,866,866,866,866,866,866,866,866,866,866,866,866,866,866,866,866,866,866,866,866,866,866,866,866,866,866,866,866,866,866,866,865,3221226324,753,695,695,695,260,260,260,260,3221225761,1610613534,775,775,775,775,775,808,3221226278,291,260,260,260,260,260,
866,866,866,866,866,866,866,866,866,866,866,866,866,866,866,866,866,866,866,866,866,866,866,866,866,866,866,866,866,866,866,866,866,866,866,866,866,866,866,866,866,866,866,866,866,866,866,866,866,866,866,866,866,866,866,866,866,866,866,866,866,866,866,866,866,866,866,866,866,866,866,866,866,866,866,865,3221226322,1610613498,2684355318,705,695,699,260,260,260,3221225761,1610613542,3221226270,3221226270,3221226270,3221226270,3221226270,3221226278,291,260,260,260,260,260,260,
866,866,866,866,866,866,866,866,866,866,866,866,866,866,866,866,866,866,866,866,866,866,866,866,866,866,866,866,866,866,866,866,866,866,866,866,866,866,866,866,866,866,866,866,866,866,866,866,866,866,866,866,866,866,866,866,866,866,866,866,866,866,866,866,866,866,866,866,866,866,866,866,866,866,866,865,1610613599,2684355422,1610613490,705,695,705,699,260,260,260,291,291,291,291,291,291,291,260,260,260,260,260,260,260,
866,866,866,866,866,866,866,866,866,866,866,866,866,866,866,866,866,866,866,866,866,866,866,866,866,866,866,866,866,866,866,866,866,866,866,866,866,866,866,866,866,866,866,866,866,866,866,866,866,866,866,866,866,866,866,866,866,866,866,866,866,866,866,866,866,866,866,866,866,866,866,866,866,866,866,865,871,2684355414,1610613485,702,699,695,705,699,695,696,695,696,698,695,696,260,260,260,260,260,260,260,260,260,
866,866,866,866,866,866,866,866,866,866,866,866,866,866,866,866,866,866,866,866,866,866,866,866,866,866,866,866,866,866,866,866,866,866,866,866,866,866,866,866,866,866,866,866,866,866,866,866,866,866,866,866,866,866,866,866,866,866,866,866,866,866,866,866,866,866,866,866,866,866,866,866,866,866,866,865,871,1610613599,2684355405,1610613485,1610613486,1610613487,1610613488,1610613489,3221226226,3221226227,3221226226,1610613489,1610613488,1610613487,1610613486,1610613058,1610613059,3221225797,3221225798,3221225799,3221225800,3221225798,1610613058,1610613057,
866,866,866,866,866,866,866,866,866,866,866,866,866,866,866,866,866,866,866,866,866,866,866,866,866,866,866,866,866,866,866,866,866,866,866,866,866,866,866,866,866,866,866,866,866,866,866,866,866,866,866,866,866,866,866,866,866,866,866,866,866,866,866,866,866,866,866,866,866,866,866,866,866,866,866,865,871,871,1610613599,2684355410,853,853,853,853,853,853,853,853,853,853,853,853,853,853,853,853,853,853,853,853
