866,866,866,866,866,866,866,866,866,866,866,866,866,866,866,866,866,866,866,866,866,866,866,866,866,866,866,866,866,865,260,260,260,260,260,260,260,260,260,260,260,260,260,260,260,260,260,260,260,260,260,260,260,260,260,260,260,260,260,260,260,260,260,260,260,260,260,260,260,260,260,260,260,260,260,260,260,260,260,260,260,260,260,260,260,260,260,260,260,260,260,260,260,260,260,260,260,260,260,260,
866,866,866,866,866,866,866,866,866,866,866,866,866,866,866,866,866,866,866,866,866,866,866,866,866,866,866,866,866,865,260,260,260,260,260,260,260,260,260,260,260,260,260,260,260,260,260,260,260,260,260,260,260,260,260,260,260,260,260,260,260,260,260,260,260,260,260,260,260,260,260,260,260,260,260,260,260,260,260,260,260,260,865,865,865,865,865,865,260,260,260,260,260,260,260,260,260,260,260,260,
866,866,866,866,866,866,866,866,866,866,866,866,866,866,866,866,866,866,866,866,866,866,866,866,866,866,866,866,866,865,260,260,260,260,260,260,260,260,260,260,260,260,260,260,260,260,260,260,260,260,260,260,260,260,260,260,260,260,260,260,260,260,260,260,260,260,260,260,260,260,260,260,260,260,260,260,260,260,260,260,865,865,865,866,866,866,866,865,865,260,260,260,260,260,260,260,260,260,260,260,
866,866,866,866,866,866,866,866,866,866,866,866,866,866,866,866,866,866,866,866,866,866,866,866,866,866,866,866,866,865,260,260,260,260,260,260,260,260,260,260,260,260,260,260,260,260,260,260,260,260,260,260,260,260,260,260,260,260,260,260,260,260,260,260,260,260,260,260,260,260,260,260,260,260,260,260,260,260,260,865,865,866,866,866,866,866,866,866,865,865,260,260,260,260,260,260,260,260,260,260,
866,866,866,866,866,866,866,866,866,866,866,866,866,866,866,866,866,866,866,866,866,866,866,866,866,866,866,866,866,865,260,260,260,260,260,260,260,260,260,260,260,260,260,260,260,260,260,260,260,260,260,260,260,260,260,260,260,260,260,260,260,260,260,260,260,260,260,260,260,260,260,260,260,260,260,260,260,260,865,866,866,866,866,866,866,866,866,866,866,866,865,260,260,260,260,260,260,260,260,260,
866,866,866,866,866,866,866,866,866,866,866,866,866,866,866,866,866,866,866,866,866,866,866,866,866,866,866,866,866,865,260,260,260,260,260,260,260,260,260,260,260,260,260,260,260,260,260,260,260,260,260,260,260,260,260,260,260,260,260,260,260,260,260,260,260,260,260,260,260,260,260,260,260,260,260,260,260,865,865,866,866,866,866,866,866,866,866,866,866,866,865,865,260,260,260,260,260,260,260,260,
866,866,866,866,866,866,866,866,866,866,866,866,866,866,866,866,866,866,866,866,866,866,866,866,866,866,866,866,866,865,260,260,260,260,260,260,260,260,260,260,260,260,260,260,260,260,260,260,260,260,260,260,260,260,260,260,260,260,260,260,260,260,260,260,260,260,260,260,260,260,260,260,260,260,260,260,260,865,866,866,866,866,866,866,866,866,866,866,866,866,866,865,260,260,260,260,260,260,260,260,
866,866,866,866,866,866,866,866,866,866,866,866,866,866,866,866,866,866,866,866,866,866,866,866,866,866,866,866,866,865,260,260,260,260,260,260,260,260,260,260,260,260,260,260,260,260,260,260,260,260,260,260,260,260,260,260,260,260,260,260,260,260,260,260,260,260,260,260,260,260,260,260,260,260,260,260,865,865,866,866,866,866,866,866,866,866,866,866,866,866,866,865,865,260,260,260,260,260,260,260,
866,866,866,866,866,866,866,866,866,866,866,866,866,866,866,866,866,866,866,866,866,866,866,866,866,866,866,866,866,865,865,260,260,260,260,260,260,260,260,260,260,260,260,260,260,260,260,260,260,260,260,260,260,260,260,260,260,260,260,260,260,260,260,260,260,260,260,260,260,260,260,260,260,260,260,260,865,866,866,866,866,866,866,866,866,866,866,866,866,866,866,866,865,260,260,260,260,260,260,260,
866,866,866,866,866,866,866,866,866,866,866,866,866,866,866,866,866,866,866,866,866,866,866,866,866,866,866,866,866,866,865,260,260,260,260,260,260,260,260,260,260,260,260,260,260,260,260,260,260,260,260,260,260,260,260,260,260,260,260,260,260,260,260,260,260,260,260,260,260,260,260,260,260,260,260,260,865,866,866,866,866,866,866,866,866,866,866,866,866,866,866,866,865,260,260,260,260,260,260,260,
866,866,866,866,866,866,866,866,866,866,866,866,866,866,866,866,866,866,866,866,866,866,866,866,866,866,866,866,866,866,865,260,260,260,260,0,260,260,260,260,260,260,260,260,260,260,260,260,260,260,260,260,260,260,260,260,260,260,260,260,260,260,260,260,260,260,260,260,260,260,260,260,260,260,260,260,865,866,866,866,866,866,866,866,866,866,866,866,866,866,866,866,866,865,260,260,260,260,260,260,
866,866,866,866,866,866,866,866,866,866,866,866,866,866,866,866,866,866,866,866,866,866,866,866,866,866,866,866,866,866,865,260,260,260,260,260,260,260,260,260,260,260,260,260,260,260,260,260,260,260,260,260,260,260,260,260,260,260,260,260,260,260,260,260,260,260,260,260,260,260,260,260,260,260,260,260,865,866,866,866,866,866,866,865,866,866,866,866,866,866,866,866,866,865,260,260,260,260,260,260,
866,866,866,866,866,866,866,866,866,866,866,866,866,866,866,866,866,866,866,866,866,866,866,866,866,866,866,866,866,866,865,260,260,260,260,260,260,260,260,260,260,260,260,260,260,260,260,260,260,260,260,260,260,260,260,260,260,260,260,260,260,260,260,260,260,260,260,260,260,260,260,260,260,260,260,260,865,866,866,866,866,866,866,865,865,866,866,866,866,866,866,866,866,865,260,260,260,260,260,260,
866,866,866,866,866,866,866,866,866,866,866,866,866,866,866,866,866,866,866,866,866,866,866,866,866,866,866,866,866,866,865,260,260,260,260,260,260,260,260,260,260,260,260,260,260,260,260,260,260,260,260,260,260,260,260,260,260,260,260,260,260,260,260,260,260,260,260,260,865,865,260,260,260,260,260,260,865,866,866,866,866,866,866,865,865,865,866,866,866,866,866,866,866,865,260,260,260,260,260,260,
866,866,866,866,866,866,866,866,866,866,866,866,866,866,866,866,866,866,866,866,866,866,866,866,866,866,866,866,866,866,865,260,260,260,260,260,260,260,260,260,260,260,260,260,260,260,260,260,260,260,260,260,260,260,260,260,260,260,260,260,260,260,260,260,260,260,260,260,865,865,260,260,260,260,260,260,865,865,866,866,866,866,866,865,260,865,865,866,866,866,866,866,866,865,260,260,260,260,260,260,
866,866,866,866,866,866,866,866,866,866,866,866,866,866,866,866,866,866,866,866,866,866,866,866,866,866,866,866,866,866,865,260,260,260,260,260,260,260,260,260,260,260,260,260,260,260,260,260,260,260,260,260,260,260,260,260,260,260,260,260,260,260,260,260,260,260,260,260,865,865,260,260,260,260,260,260,260,865,865,866,866,866,865,260,260,260,865,865,866,866,866,866,866,865,260,260,260,260,260,260,
866,866,866,866,866,866,866,866,866,866,866,866,866,866,866,866,866,866,866,866,866,866,866,866,866,866,866,866,866,866,865,260,260,260,260,260,260,260,260,260,260,260,260,260,260,260,260,260,260,260,260,260,260,260,260,260,260,260,260,260,260,260,260,260,260,260,260,260,865,865,260,260,260,260,260,260,260,260,865,865,865,865,865,260,260,260,260,865,865,866,866,866,866,865,260,260,260,260,260,260,
866,866,866,866,866,866,866,866,866,866,866,866,866,866,866,866,866,866,866,866,866,866,866,866,866,866,866,866,866,866,865,260,260,260,260,260,260,260,260,260,260,260,260,260,260,260,260,260,260,260,260,260,260,260,260,260,260,260,260,260,260,260,260,260,260,260,260,260,865,865,260,260,260,260,260,260,260,260,260,260,260,260,260,260,260,260,260,260,865,865,866,866,865,865,260,260,260,260,260,260,
866,866,866,866,866,866,866,866,866,866,866,866,866,866,866,866,866,866,866,866,866,866,866,866,866,866,866,866,866,865,260,260,260,260,260,260,260,260,260,260,260,260,260,260,260,260,260,260,260,260,260,260,260,260,260,260,260,260,260,260,260,260,260,260,260,260,260,260,865,865,260,260,260,260,260,260,260,260,260,260,260,260,260,260,260,260,260,260,260,865,865,865,865,260,260,260,260,260,260,260,
866,866,866,866,866,866,866,866,866,866,866,866,866,866,866,866,866,866,866,866,866,866,866,866,866,866,866,865,865,865,260,260,260,260,260,260,260,260,260,260,260,260,260,260,260,260,260,260,260,260,260,260,260,260,260,260,260,260,260,260,260,260,260,260,260,260,260,260,865,865,260,260,260,260,260,260,260,260,260,260,260,260,260,260,260,260,260,260,260,260,260,865,260,260,260,260,260,260,260,260,
866,866,866,866,866,866,866,866,866,866,866,866,866,866,866,866,866,866,866,866,866,866,866,866,866,866,865,865,260,260,260,260,260,260,260,260,260,260,260,260,260,260,260,260,260,260,260,260,260,260,260,260,260,260,260,260,260,260,260,260,260,260,260,260,260,260,260,260,865,865,260,260,260,260,260,260,260,260,260,260,260,260,260,260,260,260,260,260,260,260,260,260,260,260,260,260,260,260,260,260,
866,866,866,866,866,866,866,866,866,866,866,866,866,866,866,866,866,866,866,866,866,866,866,866,866,865,865,260,260,260,260,260,260,260,260,260,260,260,260,260,260,260,260,260,260,260,260,260,260,260,260,260,260,260,260,260,260,260,260,260,260,260,260,260,260,260,260,260,865,865,260,260,260,260,260,260,260,260,260,260,260,260,260,260,260,260,260,260,260,260,260,260,260,260,260,260,260,260,260,260,
866,866,866,866,866,866,866,866,866,866,866,866,866,866,866,866,866,866,866,866,866,866,866,866,865,865,260,260,260,260,260,260,260,260,260,260,260,260,260,260,260,260,260,260,260,260,260,260,260,260,260,260,260,260,260,260,260,260,260,260,260,260,260,260,260,260,260,260,865,865,260,260,260,260,260,260,260,260,260,260,260,260,260,260,260,260,260,260,260,260,260,260,260,260,260,260,260,260,260,260,
866,866,866,866,866,866,866,866,866,866,866,866,866,866,866,866,866,866,866,866,866,865,865,865,260,260,260,260,260,260,260,260,260,260,260,260,260,260,260,260,260,260,260,260,260,260,260,260,260,260,260,260,260,260,260,260,260,260,260,260,260,260,260,260,260,260,260,260,865,865,260,260,260,260,260,260,260,260,260,260,260,260,260,260,260,260,260,260,260,260,260,260,260,260,260,260,260,260,260,260,
866,866,866,866,866,866,866,866,866,866,866,866,866,866,866,866,866,866,866,865,865,865,260,260,260,260,260,260,260,260,260,260,260,260,260,260,260,260,260,260,260,260,260,260,260,260,260,260,260,260,260,260,260,260,260,260,260,260,260,260,260,260,260,260,260,260,260,260,865,865,260,260,260,260,260,260,260,260,260,260,260,260,260,260,260,260,260,260,260,260,260,260,260,260,260,260,260,260,260,260,
866,866,866,866,866,866,866,866,866,866,866,866,866,866,866,866,866,866,865,865,260,260,260,260,260,260,260,260,260,260,260,260,260,260,260,260,260,260,260,260,260,260,260,260,260,260,260,260,260,260,260,260,260,260,260,260,260,260,260,260,260,260,260,260,260,260,260,260,865,865,260,260,260,260,260,260,260,260,260,260,260,260,260,260,260,260,260,260,260,260,260,260,260,260,260,260,260,260,260,260,
866,866,866,866,866,866,866,866,866,866,866,866,866,866,866,865,865,865,260,260,260,260,260,260,260,260,260,260,260,260,260,260,260,260,260,260,260,260,260,260,260,260,260,260,260,260,260,260,260,260,260,260,260,260,260,260,260,260,260,260,260,260,260,260,260,260,260,260,865,865,260,260,260,260,260,260,260,260,260,260,260,260,260,260,260,260,260,260,260,260,260,260,260,260,260,260,260,260,260,260,
866,866,866,866,866,866,866,866,866,866,866,866,866,865,865,865,260,260,260,260,260,260,260,260,260,260,260,260,260,260,260,260,260,260,260,260,260,260,260,260,260,260,260,260,260,260,260,260,260,260,260,260,260,260,260,260,260,260,260,260,260,260,260,260,260,260,260,260,865,865,260,260,260,260,260,260,260,260,260,260,260,260,260,260,260,260,260,260,260,260,260,260,260,260,260,260,260,260,260,260,
866,866,866,866,866,866,866,866,866,866,866,865,865,865,260,260,260,260,260,260,260,260,260,260,260,260,260,260,260,260,260,260,260,260,260,260,260,260,260,260,260,260,260,260,260,260,260,260,260,260,260,260,260,260,260,260,260,260,260,260,260,260,260,260,260,260,260,260,865,865,260,260,260,260,260,260,260,260,260,260,260,260,260,260,260,260,260,260,260,260,260,260,260,260,260,260,260,260,260,260,
866,866,866,866,866,866,866,866,866,865,865,865,260,260,260,260,260,260,260,260,260,260,260,260,260,260,260,260,260,260,260,260,260,260,260,260,260,260,260,260,260,260,260,260,260,260,260,260,260,260,260,260,260,260,260,260,260,260,260,260,260,260,260,260,260,260,260,260,865,865,260,260,260,260,260,260,260,260,260,260,260,260,260,260,260,260,260,260,260,260,260,260,260,260,260,260,260,260,260,260,
866,866,866,866,866,866,866,866,866,865,260,260,260,260,260,260,260,260,260,260,260,260,260,260,260,260,260,260,260,260,260,260,260,260,260,260,260,260,260,260,260,260,260,260,260,260,260,260,260,260,260,260,260,260,260,260,260,260,260,260,260,260,260,260,260,260,260,260,865,865,260,260,260,260,260,260,260,260,260,260,260,260,260,260,260,260,865,865,865,260,260,260,260,260,260,865,260,260,260,260,
866,866,866,866,866,866,866,866,866,865,260,260,260,260,260,260,260,260,260,260,260,260,260,260,260,260,260,260,260,260,260,260,260,260,260,260,260,260,260,260,260,260,260,260,260,260,260,260,260,260,260,260,260,260,260,260,260,260,260,260,260,260,260,260,260,260,260,260,865,865,260,260,260,260,260,260,260,260,260,260,260,260,260,260,260,865,866,866,865,865,865,260,260,865,865,865,865,260,260,260,
866,866,866,866,866,866,866,866,866,865,260,260,260,260,260,260,260,260,260,260,260,260,260,260,260,260,260,260,260,260,260,260,260,260,260,260,260,260,260,260,260,260,260,260,260,260,260,260,260,260,260,260,260,260,260,260,260,260,260,260,260,260,260,260,260,260,260,260,865,865,865,260,260,260,260,260,260,260,260,260,260,260,260,260,865,865,866,866,866,866,865,865,865,865,866,866,865,260,260,260,
866,866,866,866,866,866,866,866,866,865,260,260,260,260,260,260,260,260,260,260,260,260,260,260,260,260,260,260,260,260,260,260,260,260,260,260,260,260,260,260,260,260,260,260,260,260,260,260,260,260,260,260,260,260,260,260,260,260,260,260,260,260,260,260,260,260,260,260,865,865,865,260,260,260,260,260,260,260,260,260,260,260,260,260,865,866,866,866,866,866,866,866,866,866,866,866,865,865,260,260,
866,866,866,866,866,866,866,866,866,865,260,260,260,260,260,260,260,260,260,260,260,260,260,260,260,260,260,260,260,260,260,260,260,260,260,260,260,260,260,260,260,260,260,260,260,260,260,260,260,260,260,260,260,260,260,260,260,260,260,260,260,260,260,260,260,260,260,260,865,865,865,260,260,260,260,260,260,260,260,260,260,260,260,260,865,866,866,866,866,866,866,866,866,866,866,866,866,865,865,865,
866,866,866,866,866,866,866,866,866,865,260,260,260,260,260,260,260,260,260,260,260,260,260,260,260,260,260,260,260,260,260,260,260,260,260,260,260,260,260,260,260,260,260,260,260,260,260,260,260,260,260,260,260,260,260,260,260,260,260,260,260,260,260,260,260,260,260,260,260,865,865,260,260,260,260,260,260,260,260,260,260,260,260,865,865,866,866,866,866,866,866,866,866,866,866,866,866,866,866,865,
866,866,866,866,866,866,866,866,866,865,260,260,260,260,260,260,260,260,260,260,260,260,260,260,260,260,260,260,260,260,260,260,260,260,260,260,260,260,260,260,260,260,260,260,260,260,260,260,260,260,260,260,260,260,260,260,260,260,260,260,260,260,260,260,260,260,260,260,260,865,865,260,260,260,260,260,260,260,260,260,260,260,260,865,866,866,866,866,866,866,866,866,866,866,866,866,866,866,866,866,
866,866,866,866,866,866,866,866,866,865,260,260,260,260,260,260,260,260,260,260,260,260,260,260,260,260,260,260,260,260,260,260,260,260,260,260,260,260,260,260,260,260,260,260,260,260,260,260,260,260,260,260,260,260,260,260,260,260,260,260,260,260,260,260,260,260,260,260,260,865,865,260,260,260,260,260,260,260,260,260,260,260,865,865,866,866,866,866,866,866,866,866,866,866,866,866,866,866,866,866,
866,866,866,866,866,866,866,866,866,865,260,260,260,260,260,260,260,260,260,260,260,260,260,260,260,260,260,260,260,260,260,260,260,260,260,260,260,260,260,260,260,260,260,260,260,260,260,260,260,260,260,260,260,260,260,260,260,260,260,260,260,260,260,260,260,260,260,260,260,865,865,260,260,260,260,260,260,260,260,260,260,260,865,866,866,866,866,866,866,866,866,866,866,866,866,866,866,866,865,865,
866,866,866,866,866,866,866,866,866,865,260,260,260,260,260,260,260,260,260,260,260,260,260,260,260,260,260,260,260,260,260,260,260,260,260,260,260,260,260,260,260,260,260,260,260,260,260,260,260,260,260,260,260,260,260,260,260,260,260,260,260,260,260,260,260,260,260,260,260,865,865,865,260,260,260,260,260,260,260,260,260,260,865,866,866,866,866,866,866,866,866,866,866,866,866,866,866,866,865,260,
866,866,866,866,866,866,866,866,865,865,260,260,260,260,260,260,260,260,260,260,260,260,260,260,260,260,260,260,260,260,260,260,260,260,260,260,260,260,260,260,260,260,260,260,260,260,260,260,260,260,260,260,260,260,260,260,260,260,260,260,260,260,260,260,260,260,260,260,260,865,865,865,260,260,260,260,260,260,260,260,260,260,865,865,866,866,866,866,866,866,866,866,866,866,866,866,866,866,865,260,
866,866,866,866,866,866,866,866,865,260,260,260,260,260,260,260,260,260,260,260,260,260,260,260,260,260,260,260,260,260,260,260,260,260,260,260,260,260,260,260,260,260,260,260,260,260,260,260,260,260,260,260,260,260,260,260,260,260,260,260,260,260,260,260,260,260,260,260,260,260,865,865,865,260,260,260,260,260,260,260,260,260,260,865,866,866,866,866,866,866,866,866,866,866,866,866,866,865,865,260,
866,866,866,866,866,866,866,866,865,260,260,260,260,260,260,260,260,260,260,260,260,260,260,260,260,260,260,260,260,260,260,260,260,260,260,260,260,260,260,260,260,260,260,260,260,260,260,260,260,260,260,260,260,260,260,260,260,260,260,260,260,260,260,260,260,260,260,260,260,260,260,865,865,260,260,260,260,260,260,260,260,260,260,865,865,865,866,866,866,866,866,866,866,866,866,866,865,865,260,260,
866,866,866,866,866,866,866,865,260,260,260,260,260,260,260,260,260,260,260,260,260,260,260,260,260,260,260,260,260,260,260,260,260,260,260,260,260,260,260,260,260,260,260,260,260,260,260,260,260,260,260,260,260,260,260,260,260,260,260,260,260,260,260,260,260,260,260,260,260,260,260,865,865,260,260,260,260,260,260,260,260,260,260,260,260,865,865,866,866,866,866,866,866,866,866,865,865,260,260,260,
866,866,866,866,866,866,866,865,260,260,260,260,260,260,260,260,260,260,260,260,260,260,260,260,260,260,260,260,260,865,865,260,260,260,260,260,260,260,260,260,260,260,260,260,260,260,260,260,260,260,260,260,260,260,260,260,260,260,260,260,260,260,260,260,260,260,260,260,260,260,260,865,865,865,260,260,260,260,260,260,260,260,260,260,260,260,865,865,865,866,866,866,866,865,865,260,260,260,260,260,
866,866,866,866,866,866,865,865,260,260,260,260,260,260,260,260,260,260,260,260,260,260,260,260,260,260,865,865,865,865,865,260,260,260,260,260,260,260,260,260,260,260,260,260,260,260,260,260,260,260,260,260,260,260,260,260,260,260,260,260,260,260,260,260,260,260,260,260,260,260,260,260,865,865,260,260,260,260,260,260,260,260,260,260,260,260,260,260,865,865,865,865,865,865,260,260,260,260,260,260,
866,866,866,866,866,866,865,260,260,260,260,260,260,260,260,260,260,260,260,260,260,260,260,865,865,865,866,866,865,865,260,260,260,260,260,260,260,260,260,260,260,260,260,260,260,260,260,260,260,260,260,260,260,260,260,260,260,260,260,260,260,260,260,260,260,260,260,260,260,260,260,260,260,865,260,260,260,260,260,260,260,260,260,260,260,260,260,260,260,260,260,260,260,260,260,260,260,260,260,260,
866,866,866,866,866,865,865,260,260,260,260,260,260,260,260,260,260,260,260,260,865,865,865,865,866,866,866,865,865,260,260,260,260,260,260,260,260,260,260,260,260,260,260,260,260,260,260,260,260,260,260,260,260,260,260,260,260,260,260,260,260,260,260,260,260,260,260,260,260,260,260,260,260,865,865,260,260,260,260,260,260,260,260,260,260,260,260,260,260,260,260,260,260,260,260,260,260,260,260,260,
866,866,866,866,866,865,260,260,260,260,260,260,260,260,260,260,260,260,865,865,866,866,866,866,866,866,865,865,260,260,260,260,260,260,260,260,260,260,260,260,260,260,260,260,260,260,260,260,260,260,260,260,260,260,260,260,260,260,260,260,260,260,260,260,260,260,260,260,260,260,260,260,260,865,865,865,3221226324,260,260,260,260,260,260,260,260,260,260,260,260,260,260,260,260,260,260,260,260,260,260,260,
866,866,866,866,866,865,260,260,260,260,260,260,260,260,260,260,865,865,866,866,866,866,866,866,866,865,865,260,260,260,260,260,260,260,260,260,260,260,260,260,260,260,260,260,260,260,260,260,260,260,260,260,260,260,260,260,260,260,260,260,260,260,260,260,260,260,260,260,260,260,260,260,260,865,865,865,3221226324,260,260,260,260,260,260,260,260,260,260,260,260,260,260,260,260,260,260,260,260,260,260,260,
866,866,866,866,866,865,260,260,260,260,260,260,260,260,260,865,865,866,866,866,866,866,866,866,865,865,260,260,260,260,260,260,260,260,260,260,260,260,260,260,260,260,260,260,260,260,260,260,260,260,260,260,260,260,260,260,260,260,260,260,260,260,260,260,260,260,260,260,260,260,260,260,260,260,865,865,3221226324,260,260,260,260,260,260,260,260,260,260,260,260,260,260,260,260,260,260,260,260,260,260,260,
866,866,866,866,866,865,260,260,260,260,260,260,260,260,865,866,866,866,866,866,866,866,866,866,865,260,260,260,260,260,260,260,260,260,260,260,260,260,260,260,260,260,260,260,260,260,260,260,260,260,260,260,260,260,260,260,260,260,260,260,260,260,260,260,260,260,260,260,260,260,260,260,260,260,865,865,3221226324,260,260,260,260,260,260,260,260,260,260,260,260,260,260,260,260,260,260,260,260,260,260,260,
866,866,866,866,866,865,260,260,260,260,260,260,260,260,865,866,866,866,866,866,866,866,866,865,865,260,260,260,260,260,260,260,260,260,260,260,260,260,260,260,260,260,260,260,260,260,260,260,260,260,260,260,260,260,260,260,260,260,260,260,260,260,260,260,260,260,260,260,260,260,260,260,260,260,865,865,260,260,260,260,260,260,260,260,260,260,260,260,260,260,260,260,260,260,260,260,260,260,260,260,
866,866,866,866,866,865,260,260,260,260,260,260,260,865,866,866,866,866,866,866,866,866,866,865,260,260,260,260,260,260,260,260,260,260,260,260,260,260,260,260,260,260,260,260,260,260,260,260,260,260,260,260,260,260,260,260,260,260,260,260,260,260,260,260,260,260,260,260,260,260,260,260,260,260,865,865,865,260,260,260,260,260,260,260,260,260,260,260,260,260,260,260,260,260,260,260,260,260,260,260,
866,866,866,866,866,865,260,260,260,260,260,260,260,865,866,866,866,866,866,866,866,866,865,260,260,260,260,260,260,260,260,260,260,260,260,260,260,260,260,260,260,260,260,260,260,260,260,260,260,260,260,260,260,260,260,260,260,260,260,260,260,260,260,260,260,260,260,260,260,260,260,260,260,260,865,865,865,260,260,260,260,260,260,260,260,260,260,260,260,260,260,260,260,260,260,260,260,260,260,260,
866,866,866,866,866,866,865,260,260,260,260,260,865,865,866,866,866,866,866,866,866,866,865,260,260,260,260,260,260,260,260,260,260,260,260,260,260,260,260,260,260,260,260,260,260,260,260,260,260,260,260,260,260,260,260,260,260,260,260,260,260,260,260,260,260,260,260,260,260,260,260,260,260,260,865,865,865,865,260,260,260,260,260,260,260,260,260,260,260,260,260,260,260,260,260,260,260,260,260,260,
866,866,866,866,866,866,866,865,865,865,260,865,865,866,866,866,866,866,866,866,866,865,260,260,260,260,260,260,260,260,260,260,260,260,260,260,260,260,260,260,260,260,260,260,260,260,260,260,260,260,260,260,260,260,260,260,260,260,260,260,260,260,260,260,260,260,260,260,260,260,260,260,260,260,260,865,865,865,865,260,260,260,260,260,260,260,260,260,260,260,260,260,260,260,260,260,260,260,260,260,
866,866,866,866,866,866,866,866,866,865,865,865,866,866,866,866,866,866,866,866,866,865,260,260,260,260,260,260,260,260,260,260,260,260,260,260,260,260,260,260,260,260,260,260,260,260,260,260,260,260,260,260,260,260,260,260,260,260,260,260,260,260,260,260,260,260,260,260,260,260,260,260,260,260,260,865,865,865,865,865,865,260,260,260,260,260,260,260,260,260,260,260,260,260,260,260,260,260,260,260,
866,866,866,866,866,866,866,866,866,866,866,866,866,866,866,866,866,866,866,866,865,260,260,260,260,260,260,260,260,260,260,260,260,260,260,260,260,260,260,260,260,260,260,260,260,260,260,260,260,260,260,260,260,260,260,260,260,260,260,260,260,260,260,260,260,260,260,260,260,260,260,260,260,260,260,865,865,865,865,865,865,865,260,260,260,260,260,260,260,260,260,260,260,260,260,260,260,260,260,260,
866,866,866,866,866,866,866,866,866,866,866,866,866,866,866,866,866,866,866,866,865,260,260,260,260,260,260,260,260,260,260,260,260,260,260,260,260,260,260,260,260,260,260,260,260,260,260,260,260,260,260,260,260,260,260,260,260,260,260,260,260,260,260,260,260,260,260,260,260,260,260,260,260,260,260,865,865,865,865,865,865,865,865,260,260,260,260,260,260,260,260,260,260,260,260,260,260,260,260,260,
866,866,866,866,866,866,866,866,866,866,866,866,866,866,866,866,866,866,866,866,865,260,260,260,260,260,260,260,260,260,260,260,260,260,260,260,260,260,260,260,260,260,260,260,260,260,260,260,260,260,260,260,260,260,260,260,260,260,260,260,260,260,260,260,260,260,260,260,260,260,260,260,260,260,865,865,865,865,865,865,865,865,865,865,3221226324,260,260,260,260,260,260,260,260,260,260,260,260,260,260,260,
866,866,866,866,866,866,866,866,866,866,866,866,866,866,866,866,866,866,866,866,865,260,260,260,260,260,260,260,260,260,260,260,260,260,260,260,260,260,260,260,260,260,260,260,260,260,260,260,260,260,260,260,260,260,260,260,260,260,260,260,260,260,260,260,260,260,260,260,260,260,260,260,260,260,865,865,865,865,865,865,865,865,865,865,3221226324,260,260,260,260,260,260,260,260,260,260,260,260,260,260,260,
866,866,866,866,866,866,866,866,866,866,866,866,866,866,866,866,866,866,866,866,865,260,260,260,260,260,260,260,260,260,260,260,260,260,260,260,260,260,260,260,260,260,260,260,260,260,260,260,260,260,260,260,260,260,260,260,260,260,260,260,260,260,260,260,260,260,260,260,260,260,260,260,260,260,865,865,865,865,865,865,865,865,865,865,3221226324,260,260,260,260,260,260,260,260,260,260,260,260,260,260,260,
866,866,866,866,866,866,866,866,866,866,866,866,866,866,866,866,866,866,866,866,865,865,260,260,260,260,260,260,260,260,260,260,260,260,260,260,260,260,260,260,260,260,260,260,260,260,260,260,260,260,260,260,260,260,260,260,260,260,260,260,260,260,260,260,260,260,260,260,260,260,260,260,260,260,865,865,865,865,865,865,865,865,865,865,3221226324,260,260,260,260,260,260,260,260,260,260,260,260,260,260,260,
866,866,866,866,866,866,866,866,866,866,866,866,866,866,866,866,866,866,866,866,866,865,865,260,260,260,260,260,260,260,260,260,260,260,260,260,260,260,260,260,260,260,260,260,260,260,260,260,260,260,260,260,260,260,260,260,260,260,260,260,260,260,260,260,260,260,260,260,260,260,260,260,260,260,260,865,865,865,865,865,865,865,865,865,3221226324,260,260,260,260,260,260,260,260,260,260,260,260,260,260,260,
866,866,866,866,866,866,866,866,866,866,866,866,866,866,866,866,866,866,866,866,866,866,866,865,865,260,260,260,260,260,260,260,260,260,260,260,260,260,260,260,260,260,260,260,260,260,260,260,260,260,260,260,260,260,260,260,260,260,260,260,260,260,260,260,260,260,260,260,260,260,260,260,260,260,260,260,260,865,865,865,865,865,865,857,3221226318,260,260,260,260,260,260,260,260,260,260,260,260,260,260,260,
866,866,866,866,866,866,866,866,866,866,866,866,866,866,866,866,866,866,866,866,866,866,866,866,865,865,865,260,260,260,260,260,260,260,260,260,260,260,260,260,260,260,260,260,260,260,260,260,260,260,260,260,260,260,260,260,260,260,260,260,260,260,260,260,260,260,260,260,260,260,260,260,260,260,260,260,260,260,865,865,865,865,857,3221226318,260,260,260,260,260,260,260,260,260,260,260,260,260,260,260,260,
866,866,866,866,866,866,866,866,866,866,866,866,866,866,866,866,866,866,866,866,866,866,866,866,866,866,866,865,865,865,260,260,260,260,260,260,260,260,260,260,260,260,260,260,260,260,260,260,260,260,260,260,260,260,260,260,260,260,260,260,260,260,260,260,260,260,260,260,260,260,260,260,260,260,260,260,260,260,865,865,865,865,3221226324,260,260,260,260,260,260,260,260,260,260,260,260,260,260,260,260,260,
866,866,866,866,866,866,866,866,866,866,866,866,866,866,866,866,866,866,866,866,866,866,866,866,866,866,866,866,866,865,865,865,865,865,260,260,260,260,260,260,260,260,260,260,260,260,260,260,260,260,260,260,260,260,260,260,260,260,260,260,260,260,260,260,260,260,260,260,260,260,260,260,260,260,260,260,260,260,865,865,865,865,3221226324,260,260,260,260,260,260,260,260,260,260,260,260,260,260,260,260,260,
866,866,866,866,866,866,866,866,866,866,866,866,866,866,866,866,866,866,866,866,866,866,866,866,866,866,866,866,866,866,866,866,866,866,865,865,865,865,865,865,865,260,260,260,260,260,260,260,260,260,260,260,260,260,260,260,260,260,260,260,260,260,260,260,260,260,260,260,260,260,260,260,260,260,260,260,260,260,865,865,865,865,3221226324,260,260,260,260,260,260,260,260,260,260,260,260,260,260,260,260,260,
866,866,866,866,866,866,866,866,866,866,866,866,866,866,866,866,866,866,866,866,866,866,866,866,866,866,866,866,866,866,866,866,866,866,866,866,866,866,866,866,865,865,3221226324,260,260,260,260,260,260,260,260,260,260,260,260,260,260,260,260,260,260,260,260,260,260,260,260,260,260,260,260,260,260,260,260,260,260,260,865,865,865,865,3221226324,260,260,260,260,260,260,260,260,260,260,260,260,260,260,260,260,260,
866,866,866,866,866,866,866,866,866,866,866,866,866,866,866,866,866,866,866,866,866,866,866,866,866,866,866,866,866,866,866,866,866,866,866,866,866,866,866,866,866,865,3221226324,260,260,260,260,260,260,260,260,260,260,260,260,260,260,260,260,260,260,260,260,260,260,260,260,260,260,260,260,260,260,260,260,260,260,260,865,865,865,857,3221226318,260,260,260,260,260,260,260,260,260,260,260,260,260,260,260,260,260,
866,866,866,866,866,866,866,866,866,866,866,866,866,866,866,866,866,866,866,866,866,866,866,866,866,866,866,866,866,866,866,866,866,866,866,866,866,866,866,866,866,865,3221226324,260,260,260,260,260,260,260,260,260,260,260,260,260,260,260,260,260,260,260,260,260,260,260,260,260,260,260,260,260,260,260,260,260,260,260,865,865,865,3221226324,260,260,260,260,260,260,260,260,260,260,260,260,260,260,260,260,260,260,
866,866,866,866,866,866,866,866,866,866,866,866,866,866,866,866,866,866,866,866,866,866,866,866,866,866,866,866,866,866,866,866,866,866,866,866,866,866,866,866,866,865,3221226324,260,260,260,260,260,260,260,260,260,260,260,260,260,260,260,260,260,260,260,260,260,260,260,260,260,260,260,260,260,260,260,260,260,260,260,865,865,865,3221226324,260,260,260,260,260,260,260,260,260,260,260,260,260,260,260,260,260,260,
866,866,866,866,866,866,866,866,866,866,866,866,866,866,866,866,866,866,866,866,866,866,866,866,866,866,866,866,866,866,866,866,866,866,866,866,866,866,866,866,866,865,3221226324,260,260,260,260,260,260,260,260,260,260,260,260,260,260,260,260,260,260,260,260,260,260,260,260,260,260,260,260,260,260,260,260,260,260,865,865,865,865,3221226324,260,260,260,260,260,260,260,260,260,260,260,260,260,260,260,260,260,260,
866,866,866,866,866,866,866,866,866,866,866,866,866,866,866,866,866,866,866,866,866,866,866,866,866,866,866,866,866,866,866,866,866,866,866,866,866,866,866,866,865,865,3221226324,260,260,260,260,260,260,260,260,260,260,260,260,260,260,260,260,260,260,260,260,260,260,260,260,260,260,260,260,260,260,260,260,260,865,865,866,865,865,3221226324,260,260,260,260,260,260,260,260,260,260,260,260,260,260,260,260,260,260,
866,866,866,866,866,866,866,866,866,866,866,866,866,866,866,866,866,866,866,866,866,866,866,866,866,866,866,866,866,866,866,866,866,866,866,866,866,866,866,866,865,260,260,260,260,260,260,260,260,260,260,260,260,260,260,260,260,260,260,260,260,260,260,260,260,260,260,260,260,260,260,260,260,260,260,865,866,866,866,865,865,3221226324,260,260,260,260,260,260,260,260,260,260,260,260,260,260,260,260,260,260,
866,866,866,866,866,866,866,866,866,866,866,866,866,866,866,866,866,866,866,866,866,866,866,866,866,866,866,866,866,866,866,866,866,866,866,866,866,866,866,866,865,3221226324,260,260,260,260,260,260,260,260,260,260,260,260,260,260,260,260,260,260,260,260,260,260,260,260,260,260,260,260,260,260,260,260,865,866,866,866,866,865,865,3221226324,260,260,260,260,260,260,260,260,260,260,260,260,260,260,260,260,260,260,
866,866,866,866,866,866,866,866,866,866,866,866,866,866,866,866,866,866,866,866,866,866,866,866,866,866,866,866,866,866,866,866,866,866,866,866,866,866,866,865,3221226324,260,260,260,260,260,260,260,260,260,260,260,260,260,260,260,260,260,260,260,260,260,260,260,260,260,260,260,260,260,260,260,260,865,866,866,866,866,866,865,863,3221226319,260,260,260,260,260,260,260,260,260,260,260,260,260,260,260,260,260,260,
866,866,866,866,866,866,866,866,866,866,866,866,866,866,866,866,866,866,866,866,866,866,866,866,866,866,866,866,866,866,866,866,866,866,866,866,866,866,866,865,260,260,260,260,260,260,260,260,260,260,260,260,260,260,260,260,260,260,260,260,260,260,260,260,260,260,260,260,260,260,260,260,260,865,866,866,866,866,866,865,3221226324,260,260,260,260,260,260,260,260,260,260,260,260,260,260,260,260,260,260,260,
866,866,866,866,866,866,866,866,866,866,866,866,866,866,866,866,866,866,866,866,866,866,866,866,866,866,866,866,866,866,866,866,866,866,866,866,866,866,865,260,260,260,260,260,260,260,260,260,260,260,260,260,260,260,260,260,260,260,260,260,260,260,260,260,260,260,260,260,260,260,260,260,260,865,866,866,866,866,866,865,2147484497,260,260,260,260,260,260,260,260,260,260,260,260,260,260,260,260,260,260,260,
866,866,866,866,866,866,866,866,866,866,866,866,866,866,866,866,866,866,866,866,866,866,866,866,866,866,866,866,866,866,866,866,866,866,866,866,866,866,865,3221226324,260,260,260,260,260,260,260,260,260,260,260,260,260,260,260,260,260,260,260,260,260,260,260,260,260,260,260,260,260,260,260,260,260,865,866,866,866,866,865,863,3221226319,260,260,260,260,260,260,260,260,260,260,260,260,260,260,260,260,260,260,260,
866,866,866,866,866,866,866,866,866,866,866,866,866,866,866,866,866,866,866,866,866,866,866,866,866,866,866,866,866,866,866,866,866,866,866,866,866,865,260,260,260,260,260,260,260,260,260,260,260,260,260,260,260,260,260,260,260,260,260,260,260,260,260,260,260,260,260,260,260,260,260,260,260,865,866,866,866,866,865,3221226324,260,260,260,260,260,260,260,260,260,260,260,260,260,260,260,260,260,260,260,260,
866,866,866,866,866,866,866,866,866,866,866,866,866,866,866,866,866,866,866,866,866,866,866,866,866,866,866,866,866,866,866,866,866,866,866,866,865,865,260,260,260,260,260,260,260,260,865,865,865,865,865,865,865,260,260,260,260,260,260,260,260,260,865,865,865,865,865,865,260,260,260,260,260,865,866,866,866,865,865,2147484497,260,260,260,260,260,260,260,260,260,260,260,260,260,260,260,260,260,260,260,260,
866,866,866,866,866,866,866,866,866,866,866,866,866,866,866,866,866,866,866,866,866,866,866,866,866,866,866,866,866,866,866,866,866,866,866,865,865,260,260,260,260,260,260,260,260,865,865,866,866,866,866,866,865,865,260,260,260,260,260,260,865,865,865,866,866,866,866,865,865,865,260,260,260,865,866,866,866,865,863,3221226318,260,260,260,260,260,260,260,260,260,260,260,260,260,260,260,260,260,260,260,260,
866,866,866,866,866,866,866,866,866,866,866,866,866,866,866,866,866,866,866,866,866,866,866,866,866,866,866,866,866,866,866,866,866,866,865,865,260,260,260,260,260,260,260,260,865,865,866,866,866,866,866,866,866,866,865,865,865,865,865,865,865,866,866,866,866,866,866,866,866,865,865,260,260,865,866,866,866,865,3221226324,260,260,260,260,260,260,260,260,260,260,260,260,260,260,260,260,260,260,260,260,260,
866,866,866,866,866,866,866,866,866,866,866,866,866,866,866,866,866,866,866,866,866,866,866,866,866,866,866,866,866,866,866,866,866,865,865,260,260,260,260,260,260,260,260,865,865,866,866,866,866,866,866,866,866,866,866,866,865,865,866,866,866,866,866,866,866,866,866,866,866,866,865,260,260,865,866,866,865,865,2147484497,260,260,260,260,260,260,260,260,260,260,260,260,260,260,260,260,260,260,260,260,260,
866,866,866,866,866,866,866,866,866,866,866,866,866,866,866,866,866,866,866,866,866,866,866,866,866,866,866,866,866,866,866,865,865,865,260,260,260,260,260,260,260,260,865,865,866,866,866,866,866,866,866,866,866,866,866,866,866,866,866,866,866,866,866,866,866,866,866,866,866,866,865,865,260,865,866,866,865,863,3221226320,260,260,260,260,260,260,260,260,260,260,260,260,260,260,260,260,260,260,260,260,260,
866,866,866,866,866,866,866,866,866,866,866,866,866,866,866,866,866,866,866,866,866,866,866,866,866,866,866,866,866,865,865,865,260,260,260,260,260,260,260,260,260,865,865,866,866,866,866,866,866,866,866,866,866,866,866,866,866,866,866,866,866,866,866,866,866,866,866,866,866,866,866,865,865,865,866,866,865,3221226324,260,260,260,260,260,260,260,260,260,260,260,260,260,260,260,260,260,260,260,260,260,260,
866,866,866,866,866,866,866,866,866,866,866,866,866,866,866,866,866,866,866,866,866,866,866,866,866,866,866,865,865,865,260,260,260,260,260,260,260,260,260,865,865,865,866,866,866,866,866,866,866,866,866,866,866,866,866,866,866,866,866,866,866,866,866,866,866,866,866,866,866,866,866,866,866,866,866,865,865,3221226324,260,260,260,260,260,260,260,260,260,260,260,260,260,260,260,260,260,260,260,260,260,260,
866,866,866,866,866,866,866,866,866,866,866,866,866,866,866,866,866,866,866,866,866,866,866,866,865,865,865,260,260,260,260,260,260,260,260,260,260,865,865,865,866,866,866,866,866,866,866,866,866,866,866,866,866,866,866,866,866,866,866,866,866,866,866,866,866,866,866,866,866,866,866,866,866,866,866,865,857,3221226320,260,260,260,260,260,260,260,260,260,260,260,260,260,260,260,260,260,260,260,260,260,260,
866,866,866,866,866,866,866,866,866,866,866,866,866,866,866,866,866,866,866,866,866,866,865,865,260,260,260,260,260,260,260,260,260,260,865,865,865,865,866,866,866,866,866,866,866,866,866,866,866,866,866,866,866,866,866,866,866,866,866,866,866,866,866,866,866,866,866,866,866,866,866,866,866,866,866,865,3221226324,260,260,260,260,260,260,260,260,260,260,260,260,260,260,260,260,260,260,260,260,260,260,260,
866,866,866,866,866,866,866,866,866,866,866,866,866,866,866,866,866,866,866,865,865,865,865,260,260,260,260,260,260,865,865,865,865,865,866,866,866,866,866,866,866,866,866,866,866,866,866,866,866,866,866,866,866,866,866,866,866,866,866,866,866,866,866,866,866,866,866,866,866,866,866,866,866,866,866,865,3221226324,260,260,260,260,260,260,260,260,260,260,260,260,260,260,260,260,260,260,260,260,260,260,260,
866,866,866,866,866,866,866,866,866,866,866,866,866,866,866,865,865,865,865,865,865,865,865,865,865,865,865,865,865,865,866,866,866,866,866,866,866,866,866,866,866,866,866,866,866,866,866,866,866,866,866,866,866,866,866,866,866,866,866,866,866,866,866,866,866,866,866,866,866,866,866,866,866,866,866,865,3221226324,260,260,260,260,260,260,260,260,260,260,260,260,260,260,260,260,260,260,260,260,260,260,260,
866,866,866,866,866,866,866,866,866,866,866,866,866,866,866,866,866,866,866,866,866,866,866,866,866,866,866,866,866,866,866,866,866,866,866,866,866,866,866,866,866,866,866,866,866,866,866,866,866,866,866,866,866,866,866,866,866,866,866,866,866,866,866,866,866,866,866,866,866,866,866,866,866,866,866,865,3221226324,260,260,260,260,260,260,260,260,260,260,260,260,260,260,260,260,260,260,260,260,260,260,260,
866,866,866,866,866,866,866,866,866,866,866,866,866,866,866,866,866,866,866,866,866,866,866,866,866,866,866,866,866,866,866,866,866,866,866,866,866,866,866,866,866,866,866,866,866,866,866,866,866,866,866,866,866,866,866,866,866,866,866,866,866,866,866,866,866,866,866,866,866,866,866,866,866,866,866,865,3221226324,260,260,260,260,260,260,260,260,260,260,260,260,260,260,260,260,260,260,260,260,260,260,260,
866,866,866,866,866,866,866,866,866,866,866,866,866,866,866,866,866,866,866,866,866,866,866,866,866,866,866,866,866,866,866,866,866,866,866,866,866,866,866,866,866,866,866,866,866,866,866,866,866,866,866,866,866,866,866,866,866,866,866,866,866,866,866,866,866,866,866,866,866,866,866,866,866,866,866,865,3221226324,260,260,260,260,260,260,260,260,260,260,260,260,260,260,260,260,260,260,260,260,260,260,260,
866,866,866,866,866,866,866,866,866,866,866,866,866,866,866,866,866,866,866,866,866,866,866,866,866,866,866,866,866,866,866,866,866,866,866,866,866,866,866,866,866,866,866,866,866,866,866,866,866,866,866,866,866,866,866,866,866,866,866,866,866,866,866,866,866,866,866,866,866,866,866,866,866,866,866,865,3221226324,260,260,260,260,260,260,260,260,260,260,260,260,260,260,260,260,260,260,260,260,260,260,260,
866,866,866,866,866,866,866,866,866,866,866,866,866,866,866,866,866,866,866,866,866,866,866,866,866,866,866,866,866,866,866,866,866,866,866,866,866,866,866,866,866,866,866,866,866,866,866,866,866,866,866,866,866,866,866,866,866,866,866,866,866,866,866,866,866,866,866,866,866,866,866,866,866,866,866,865,3221226324,260,260,260,260,260,260,260,260,260,260,260,260,260,260,260,260,260,260,260,260,260,260,260,
866,866,866,866,866,866,866,866,866,866,866,866,866,866,866,866,866,866,866,866,866,866,866,866,866,866,866,866,866,866,866,866,866,866,866,866,866,866,866,866,866,866,866,866,866,866,866,866,866,866,866,866,866,866,866,866,866,866,866,866,866,866,866,866,866,866,866,866,866,866,866,866,866,866,866,865,1610613594,853,853,853,853,853,853,853,853,853,853,853,853,853,853,853,853,853,853,853,853,853,853,853
